0.7,23,2,2,3,0.4,-99,-99,0,4,362,54,71,1,8.5,-99,-99,-99,-99,-99,-99,-99,47,583,-99,-99
1.0,899,0,0,0,99.9,17.32,65.48,0,0,0,0,0,0,0,-99,0,0,0,0,0,0,0,0,0,17.2
1.0,899,0,0,0,99.9,11.79,73.62,0,0,0,0,-99,0,0,0,-99,0,0,0,0,0,0,0,0,48.7
1.0,899,0,0,0,99.9,14.62,71.02,-99,0,0,1,0,0,0,0,0,0,0,0,0,0,0,1800,210,20
1.0,899,0,0,0,99.9,14.85,70.65,0,0,0,0,-99,0,0,0,-99,0,0,0,0,0,0,0,0,17.2
1.0,899,0,0,0,99.9,12.69,72.81,0,0,-99,0,-99,0,0,0,-99,0,0,0,0,0,0,0,0,5.1
1.0,899,0,0,0,99.9,12.6,72.99,0,0,0,0,-99,0,0,0.2,-99,0,0,0,0,0,0,0,0,10.1
1.0,895.5,0,-99,-99,99.5,15.48,70.56,0,-99,-99,-99,-99,-99,-99,-99,-99,-99,-99,-99,-99,-99,-99,-99,-99,215.4
1.0,899,0,0,0,99.9,10.98,74.97,0,0,0,0,0,0,0,0,0,0,0,0,0,0,0,0,0,32
0.75,293,2,4,3.5,30,3.78,21.8,0,3288,40,61,24,22,1.5,-99,-99,0.01,0.01,-99,0.02,0,0,6.67,0,-99
0.8,117.7,1.3,0,4.4,12.5,1.5,9.09,0,2250,91,63,17,20,2,-99,-99,0.03,0.07,0.5,0.02,0,0,33,0,-99
0.7,28,2,4.5,5.6,0.4,-99,0,0,147,550,113,39,71,3,0.02,-99,0.07,0.06,2.1,0,0,20,338,0,0.03
0.71,134,1.3,5.9,1.8,13.8,1.41,10.36,0,4,400,16,30,41,0.7,0.3,-99,0.09,0.12,1.5,0.42,0,17,41,0,3.2
1.0,222,0,0,0,0,0,0,0,-99,-99,0,-99,0,0,-99,0,0,0,-99,0,0,0,0,-99,-99
0.76,114.4,5.3,23,1.1,0.23,0.05,0.13,0,20,530,18,134,24,1.2,1.1,-99,0.16,0.02,2.2,0.32,0,14,0,0,0.1
0.92,39,0.8,9.5,2.1,0.1,0,0,0,1,293,17,24,12,0.5,0.1,-99,0.05,0.07,0.6,0.07,0,7,27,0,0.7
1.0,140,7,6.75,5.05,9.72,2.48,7.24,-99,929,614,124,243,89.4,6.3,0.43,-99,0.06,0.13,-99,0.12,24.84,0,9.5,-99,1.43
0.48,21.56,2.4,2.9,10.79,0.12,-99,0,0,47,353,53,130,26,1.5,0.1,-99,0.14,0.01,0.9,0.07,0,7.6,8,0,0.19
1.0,56,2.3,11.4,3,0.1,-99,0,0,33,273,53,101,-99,1.2,-99,-99,0.12,0.04,0.3,-99,-99,6,15,-99,-99
0.15,47,10.7,-99,0,0.5,0.05,0.16,40,121,204,128,204,51,24,1.3,-99,0.04,0.14,4.1,0.08,0,0,250,0,-99
1.0,47,10.7,-99,0,0.5,0.05,0.16,40,121,-99,128,204,51,24,1.3,-99,0.04,0.14,4.1,0.08,0,0,250,0,-99
1.0,575,20,3.5,14.3,53.5,4.24,46.6,0,12,690,254,510,258,4.2,7.3,-99,0.45,0.67,5.3,0.1,0,0,0,0,20
1.0,343,0.76,85,-99,0,-99,0,-99,61,8,20,10,2,-99,-99,-99,-99,-99,-99,-99,-99,0,0,-99,0
1.0,346,0.4,85.9,-99,0.1,-99,0,-99,3,7,-99,30,2,0.5,-99,0.05,0,0.01,0.03,0.01,-99,0,0,-99,0
1.0,336,0.6,83.1,-99,0.1,-99,0,-99,7,15,35,6,5,1.8,-99,0.05,0,0,0,-99,-99,0,0,-99,0
1.0,344,0.6,84.9,-99,0.2,-99,0,-99,4,20,12,12,3,1,-99,-99,0,0.1,0,-99,-99,0,0,-99,0
1.0,333,0.4,82.5,-99,0.14,-99,0,-99,2,16,0,20,-99,0,-99,0.01,0,0,-99,-99,-99,0,0,-99,0
1.0,150.08,4.3,15.65,9.46,8.23,3.57,4.66,-99,613,814,143,304,154,6.9,0.56,-99,0.16,0.13,-99,0.28,11.56,0,24,-99,0.46
1.0,570,17.5,32,1.4,42.2,7.54,30.16,-99,14,552,31,-99,267,2.8,4.8,-99,0.63,0.26,2,0.19,0,-99,10,-99,5.8
0.5,68.7,16.5,-99,0,0.3,-99,0,-99,55,300,18,147,23,1.1,1.4,-99,0.14,0.25,1.2,1.2,-99,5,-99,-99,-99
0.77,218,14,0,0,18,4.58,11.51,70,40,270,18,170,19,1,3,0,0.15,0.4,1.4,0.3,1,1.8,1000,4.9,5.6
1.0,205,16.3,0,0,15.5,3.15,11.42,50,89,270,30,170,19,1,1.8,-99,0.17,0.3,5.5,0.3,1,0,1000,110,-99
1.0,365.6,11,80,4.39,2.4,0.38,1.74,0,775,335,30,360,110,13.29,2.8,-99,0.1,0.13,4.79,0.6,0,0,0,0,0.7
1.0,372.35,8,79,3,4.9,-99,0,-99,0.8,-99,-99,-99,-99,11.9,-99,-99,1.2,1.4,15.3,1.7,0.85,51,-99,-99,-99
1.0,297,0,2.5,0,0,0,0,0,3,2,0,0,0,0,-99,0,0,0,0,0,0,0,0,0,0
0.65,23,1.1,4.3,1.8,0.2,-99,0,0,126,341,55,40,27,0.6,0.1,-99,0.04,0.04,0.7,0.1,0,7,7,0,0.2
0.65,22,1.7,3.1,4.2,0.3,-99,0,-99,77,310,55,105,9,0.5,-99,0.01,0.06,0.06,0.7,0.2,-99,10,3,-99,2.6
0.61,249,23,0,0,7.5,5.02,12.52,50,550,520,60,428,50,1.8,0.5,-99,0.08,0.4,2.5,0.45,5,0,13,23.5,1
0.59,298,17,-99,0,25.6,6.44,19.19,-99,2610,75,20,220,36,1,0.5,-99,0.03,0.22,4,1.3,3,2.7,50,40,-99
1.0,353,9,73.64,-99,4.62,0.92,3.7,-99,591,274,24,173,35.1,1.04,0.37,-99,-99,-99,-99,0.15,5.84,0,30,-99,0.66
1.0,376.52,10,67.73,-99,8.93,2.65,6.28,-99,534,434,19,174,34.3,0.73,0.24,-99,-99,-99,-99,0.1,11.49,0,19,-99,0.52
1.0,106,2,24,0.3,0.2,-99,0,-99,2,28,10,28,10,0.9,-99,-99,0.11,0.01,1,0.2,-99,0,0,-99,0.1
1.0,347,7,78.4,1.4,0.6,-99,0,-99,6,103,6,120,64,0.6,-99,0.04,0.06,0.03,1.3,0.15,-99,0,0,-99,0.4
1.0,345,6.5,78.4,1.4,0.5,-99,0,-99,6,92,24,94,28,2.9,-99,0.04,0.44,0.03,3.5,0,-99,0,0,-99,0.3
1.0,104.85,3,20.2,0.02,1.9,-99,0,-99,37,132,104,92,-99,-99,-99,-99,-99,0.13,-99,-99,0.24,-99,28,0.03,-99
1.0,358,5.3,87,0.9,1.1,-99,0,-99,880,186,34.5,142,50,6.8,18.7,0,1,1.5,16,1.8,0.17,50,-99,2.7,18.7
1.0,351.75,6,85,1.5,1,0.5,0,0,1,-99,200,140,50,7.9,-99,-99,1.2,1.3,15,1.7,0.8,50,-99,4.2,-99
1.0,327,8,74.6,2.8,2.2,0.42,0.57,0,10,200,23,325,157,2.6,1.6,0.06,0.41,0.09,6.8,0.67,0,0,0,0,0.6
1.0,371.2,7.6,86.8,1.4,1.7,0.13,0.36,0,4,120,10,100,28,0.8,1.3,-99,0.06,0.03,3,0.3,0,0,-99,-99,0.1
0.94,200,23,0,0,12,3.08,6.07,55,40,40,38,200,28,1.3,1.1,-99,0.05,0.2,17.8,0.46,5,-99,60,25,-99
1.0,285,24,0,0,21,3.55,14.99,65,420,280,40,294,28,1.3,0.8,-99,0.04,0.11,17.1,0.42,5,-99,60,25,6.3
1.0,168,15,0,0,12,2.91,7.56,80,875,275,21,-99,20,1,1,-99,0.04,0.1,15.9,-99,3,-99,50,20,-99
1.0,566,14,5.3,10,54.4,3.9,47.86,0,12,504,192,401,168,7.9,2.3,-99,0.3,0.08,5.9,0.55,0,0,0,0,21
1.0,334,11.7,60,5.6,7,-99,0,0,8,355,80,400,129,5.8,4.5,-99,0.52,0.14,2.37,0.96,0,0,-99,-99,2
1.0,373,0,99.5,0,0,0,0,0,0.3,2.2,0.6,0.3,0.2,0.29,0,0,0,0,0,0,0,0,0,0,0
0.64,76,17.4,0,0,0.7,-99,0,-99,-99,-99,16,-99,23,0.3,0.4,-99,0.08,0.07,4.9,-99,2,-99,-99,-99,-99
0.99,74,17.7,2.4,0,0.1,0.09,0.4,46,1170,390,9,262,25,0.1,0.4,-99,0.04,0.05,2,0.17,1,-99,2,2.5,0.44
0.75,74,17.7,0,0,0.7,0.2,0.5,50,89,274,24,180,25,0.4,0.4,0.2,0.06,0.05,2.1,0.2,0.53,2,10,1.3,0.26
0.8,339,79,5.9,0,2.5,0.71,0.99,56,500,1500,60,450,28.3,4.3,2.4,0.5,0.09,0.11,3.5,0.2,5,0.1,23,5,1.3
1.0,660,8.4,1,0,69.3,28.21,34.24,100,680,160,13,108,12,1.2,1.8,-99,0.36,0.11,1.8,0.3,0.8,0,0.01,0.01,0.23
0.9,105,18,-99,-99,11.6,-99,0,70,80,308,22,201,29,0.7,-99,0.14,0.11,0.08,2.5,-99,-99,1,12,-99,1.3
1.0,475,5,58,-99,24,9,9.5,-99,150,250,120,150,50,1.5,-99,-99,0.05,0.2,0.3,0.7,0.01,1.2,60,0.05,1
1.0,466,22.9,42,5.4,22.9,4.6,15.12,-99,60,345,474,531,102,12.86,-99,-99,0.66,0.94,11.43,0.94,0.48,28.57,381,2.37,4.77
1.0,490,21.8,55.7,-99,20,-99,0,0,-99,-99,-99,-99,-99,-99,-99,-99,2.3,3,34.02,3.4,8.4,85,800,5,12.7
1.0,332,35,60,-99,4.3,-99,0,0,284,312,149,-99,40,1.24,1,-99,4,4.8,48,5,12,200,800,5,32
1.0,340,26.6,55.1,9.7,1.4,1.4,0.22,-99,300,688,625,605,142,9.14,7.14,-99,0.66,0.94,11.44,0.94,0.48,28.57,381,2.37,4.77
1.0,395,19,70,-99,3.5,-99,0,-99,549,750,303,571,48,-99,-99,-99,0.93,1.05,10.62,1.15,2.02,45,0,0,8
1.0,363,85,2,-99,1,-99,0,0,88,172,992,653,17,-99,-99,-99,1.6,2,14.5,2.2,6,85,-99,0,15
1.0,47,17,0,0,0.5,0.05,0.16,41,121,0,128,204,51,24,1.3,0,0.04,0.14,4.1,0.08,0,0,250,0,0.37
0.85,16.56,1.24,2.66,1.3,0.18,-99,0,0,3,214,11,20,12,0.42,0.3,-99,0.04,0.05,0.6,0.09,0,6,5.17,0,-99
0.85,19,1,3.2,-99,0.2,-99,0,0,6,150,12,21,21,0.3,-99,-99,0.03,0.03,0.4,-99,-99,-99,5,-99,-99
0.67,17.88,2.2,1.7,3,0.3,-99,0,-99,75,300,214,50,25,2.9,0.5,0.02,0.15,0.19,0.8,0.3,0,87,500,0,1
0.55,86,17,0,0,2,-99,0,38,23,310,30,210,25,0.8,0.5,-99,0.06,0.08,5,0.46,2,-99,9,-99,-99
1.0,320,7,64,-99,4,-99,0,-99,-99,-99,-99,-99,-99,-99,-99,-99,-99,-99,-99,-99,-99,-99,-99,-99,-99
1.0,39,0,10.5,0,0,0,0,0,8,1,4,-99,1,-99,0,0,0,0,0,0,0,0,0,0,0
1.0,334.6,4.9,78,-99,3,1.5,1.5,68,510,89,72,338,9,1.3,0.4,0.03,0.26,0.01,1.7,0.04,0.01,0,0,-99,-99
1.0,457,7.5,50.4,-99,25,-99,0,121,430,190,75,210,46,1.9,1.2,-99,0.09,0.12,2.5,0.06,1,0,270,2.46,2.72
1.0,491,10.26,58.19,6.25,25.8,11.35,41.8,-99,1234,349,61,199,60.3,15.3,1.9,-99,0.1,0.1,-99,0.12,0.24,0,3.37,-99,1.74
0.38,92,19,0,0,2,0.22,1.01,151,271,221,61,200,35,0.7,2.3,-99,0.12,0.11,5.3,0.75,2,-99,-99,0.01,2.9
1.0,436,7,52.8,2.1,23,12.8,6.38,253,178,78,40,-99,19,1,0.6,-99,0.05,0.08,1.5,0.06,0,0,150,1.2,0
1.0,385,3.8,59.56,7.15,16.44,2.17,14.27,-99,497,124,79.3,118,19.8,3.9,2.3,-99,0.04,0.1,-99,0.05,3.23,0,2.97,-99,5.51
1.0,458,5,66,0,21.2,12.3,7.49,74,50,150,121,12,12,0.4,0.3,-99,0.06,0.14,1.1,-99,-99,-99,-99,-99,-99
0.79,91,1,21.5,2.5,0.6,0.23,0.24,0,19,320,22,60,25,0.7,-99,-99,0.1,0.06,1.2,0.22,0,25,667,0,4
0.94,138,21,0,0,6,-99,0,-99,-99,-99,35,-99,28,1,1.1,-99,0.05,0.2,17.8,-99,5,-99,40,20,-99
1.0,219,29,1,1,11.5,1.8,8.5,46,421,281,29,-99,29,2.3,1.8,-99,0.05,0.11,14,0.42,6,-99,61,26,7.3
1.0,170,15,2,2,12,2.91,7.56,82,877,277,23,-99,22,1,3,-99,0.04,0.1,15.9,-99,5,-99,52,22,-99
1.0,404.63,4.36,58.31,-99,18.83,13.54,4.38,-99,-99,-99,-99,-99,-99,-99,-99,-99,-99,-99,-99,-99,-99,-99,-99,-99,-99
0.79,138,20.6,0.6,0,6.3,2.36,3.11,69,-99,-99,30,-99,29,1,0.5,-99,0.06,0.3,8.3,1.1,1.9,-99,32,7,0.02
1.0,103,13.34,6.7,0,2.82,0.28,0.5,48,141,316,909,-99,25,0.8,0.5,-99,0.06,0.09,5,-99,-99,-99,9,-99,-99
0.7,24,3.5,2,3,0.2,-99,0,-99,14,410,113,78,78,1.3,0.6,0.01,0.1,0.2,1.1,0.17,0,110,316,0,1.3
0.85,65,1.2,16,2.5,0.1,0.01,0.02,0,2,270,38,22.5,20,0.5,0.3,-99,0.06,0.05,0.5,0.11,0,3,25,0,-99
1.0,320,4,70,-99,2.5,-99,0,-99,-99,-99,-99,-99,-99,-99,-99,-99,-99,-99,-99,-99,-99,-99,-99,-99,-99
1.0,105,3,16,-99,3.3,-99,0,-99,-99,-99,-99,-99,-99,-99,-99,-99,-99,-99,-99,-99,-99,-99,-99,-99,-99
1.0,346,0.5,86,-99,0,-99,0,-99,-99,-99,-99,-99,-99,-99,-99,-99,-99,-99,-99,-99,-99,-99,-99,-99,-99
1.0,400,6.28,51.6,-99,20.15,-99,0,-99,-99,-99,69,276,-99,0.6,-99,-99,0.15,0.13,1.2,-99,-99,-99,24,-99,-99
1.0,242,15,1,0,20.3,8.22,10.86,72,1060,207,10,-99,10,2.1,1.3,-99,0.06,0.12,5,0.06,0,0,0,0,0.43
1.0,382,14,0.3,0,36,12.33,20.07,100,72,160,18,120,22,2,1.6,-99,0.2,0.2,6,0.07,1,-99,-99,-99,-99
0.6,153,15,0.8,0,10,2.43,6.29,80,130,360,17,238,31,1,0.5,0.35,0.09,0.3,9,0.7,10,-99,36,16,1.25
1.0,186,26,2,2,10,1.61,8.44,67,422,282,42,272,30,1.3,0.8,-99,0.04,0.11,17,0.44,5,-99,60,25,6.3
1.0,169,16,1,1,13,2.91,8.56,81,876,276,22,-99,22,1,3,-99,0.04,0.1,15.9,-99,4,-99,51,21,-99
1.0,93,21,-99,0,1,0.25,0.63,78,40,330,12,200,23,7,6,-99,0.07,0.1,8.2,0.23,3,-99,20,-99,-99
1.0,540,20,0.8,0,50.6,18.45,24.39,72,160,210,51,59,10,2.2,1.3,-99,0.17,0.18,6.1,-99,-99,0,-99,-99,-99
1.0,580,27,8.5,8.1,49,9.22,37.4,0,3,680,72,432,329,5,4.3,-99,0.2,0.14,15,0.5,0,0,0,0,8.1
1.0,364,9.8,67.1,0.8,8.1,4.47,2.81,0,200,550,40,210,140,4.4,-99,-99,0.04,0.14,2.6,0.04,0,0,1,0,0.13
1.0,2,0.3,0.8,0,0.1,0,0,0,3,66,5,5,6,0.2,-99,-99,0.01,0.01,0.7,0,0,-99,0,0,0
0.74,29.5,1.3,6,1.3,0.2,-99,0,0,3,400,24,30,16,0.8,0.2,-99,0.04,0.04,0.6,0.11,0,10,4,0,0
0.7,27.25,1.3,5.4,1.5,0.2,-99,0,0,2,233,24,29,13,0.4,0.2,-99,0.04,0.04,0.2,0.06,0,14,90,0,0.05
0.7,82,17,0.5,0,1.3,0.34,0.57,222,425,93,78,221,34,1.7,-99,-99,0.07,0.14,3.6,0.06,1.3,0,70,-99,2.4
1.0,117,17,0.5,0,5.3,1.16,4.15,222,430,93,78,-99,-99,1.7,-99,-99,0.07,0.14,3.6,-99,-99,0,70,-99,-99
1.0,197.68,13,13.41,-99,10.55,5.89,4.66,-99,494,79,24,163,55.4,1.9,1.8,-99,-99,-99,-99,0.04,0.54,0,3,-99,0.05
1.0,184.19,13,14.18,-99,8.97,4.6,4.35,-99,343,214,33,158,54.3,2.2,1.7,-99,-99,-99,-99,0.05,0.18,0,9,-99,0.1
1.0,101.27,11,9.14,-99,2.43,1.32,10.99,-99,278,74,20,115,50.3,2.5,1.3,-99,-99,-99,-99,0.14,0.84,0,62,-99,1.94
1.0,125.98,7,12.38,9.97,5.82,2.42,3.39,-99,613,714,117,314,118.4,6.7,0.73,-99,0.04,0.11,-99,0.06,19.73,0,34.81,-99,0.88
1.0,80.9,14.6,0,0,2.5,-99,0,-99,-99,-99,12,-99,8,1.3,1.5,-99,0.01,0.1,4.1,0.01,0.01,0.01,1,0.01,0.08
0.47,96,23,0,0,1.3,0.16,0.81,150,366,269,120,300,42,2,3.6,-99,0.01,0.03,2.4,0.1,1,0.01,0,0.01,2.9
1.0,147,6.7,13.1,0.3,3.3,-99,0,-99,332,119,82,88,11.4,0.3,0.3,0,0.04,0.16,1.2,0.05,0.14,2,73,-99,1.4
1.0,123,6.21,13.44,2.23,5.33,2.4,2.96,-99,539,203,153,109,29,2.2,0.52,-99,0.22,0.32,-99,0.14,7.2,0,13,-99,0.87
0.44,124,19.5,0,0,5.1,0.77,3.68,100,370,270,30,160,48,1.3,3.8,-99,0.1,0.15,6.3,0.35,-99,-99,-99,-99,2.3
0.2,78,16,-99,0,1.4,-99,0,100,-99,-99,140,-99,250,10.6,4.4,-99,0.04,0.14,41,-99,0,0,0,0,0.8
1.0,388,0.8,97,0,0.1,-99,0,-99,-99,-99,-99,-99,2,-99,-99,-99,-99,-99,-99,-99,-99,-99,-99,-99,-99
1.0,393,3,84,-99,5,-99,0,2,-99,-99,-99,-99,-99,-99,-99,-99,-99,-99,-99,-99,-99,-99,-99,-99,-99
0.8,21,1.4,3.5,1,0.2,-99,0,0,-99,-99,114,-99,-99,1.5,-99,-99,0.01,0.03,0.2,-99,0,1,1,0,-99
1.0,112,20,-99,-99,3.4,-99,0,70,94,289,12,185,-99,1.8,-99,-99,0.18,0.25,5.8,-99,-99,0,0,-99,-99
1.0,131,20.7,1.1,-99,5.4,2,2.45,59,60,350,8,194,21,2.1,3.8,0.02,0.06,0.22,8.1,0.32,2,0,0,0,0.15
1.0,216,22.5,-99,-99,14,-99,0,-99,-99,199,18,190,33,2.4,-99,-99,0.09,0.15,2.1,-99,-99,-99,0,-99,0.4
0.95,256,17,0,0,21,8.63,10.6,65,61,350,7,-99,17,1.9,3.3,-99,0.05,0.2,7.2,0.25,1,0,0,0,0.2
0.6,115,18,0,0,4.8,0.9,3.15,65,46,306,52,216,30,1.1,-99,0.03,0.07,0.05,1.9,0.15,-99,1,0,-99,0.5
0.82,165,2,36,6.8,2.6,0.72,1,0,6,4,145,256,234,5.1,3,-99,0.12,0.02,0.6,0.28,0,0,0,0,0.99
1.0,65,0,0.15,0,0,0,0,0,80,20,7,20,20,0.5,0.3,-99,0.01,0.05,0.2,0,0,0.5,0,-99,-99
1.0,301,10.6,64,14.8,2.1,-99,0,-99,4,560,50,380,91,6,3.3,-99,0.31,0.1,7.8,0.6,0,0,0,0,0.9
1.0,262,10,52.9,21.9,0.9,-99,0,-99,105,1040,162,243,243,3.3,-99,-99,0.3,0.02,1.1,0.5,-99,42,50,-99,-99
0.85,25,1.4,5.1,1.8,-99,-99,0,0,6,180,25,44,4.2,0.27,0.26,0.04,0.04,0.04,1,0.13,0,6.9,1.4,0,0.45
0.85,38,3.6,4.4,6,0.7,-99,0,0,3,434,129,75,44,1.9,0.1,0,0.14,0.15,0.6,0,0,47,50,0,0
1.0,447,2.7,74,4.8,15.6,4.47,11.13,-99,-99,-99,-99,-99,-99,-99,-99,-99,-99,-99,-99,-99,-99,-99,-99,-99,-99
1.0,278,8.82,60.76,13.18,1.8,0.28,1.16,-99,40,510,64,336,110,4.6,1.3,0.3,0.35,0.17,1.81,0.29,-99,0,60,-99,1.95
1.0,264,8.7,53.5,13.2,1.7,-99,0,-99,40,510,64,373,120,4.6,-99,0.15,0.35,0.17,1.8,0.29,-99,0,60,-99,2
0.44,127,20.1,0,0,5.2,0.79,3.75,100,370,270,29,-99,48,1.3,5.5,-99,0.1,0.15,6.1,0.35,0,0,-99,-99,-99
1.0,256,13,45,28,3.5,0.5,0,0,1,-99,9,-99,-99,340,-99,-99,0.9,1,11.3,1.3,0.6,26,-99,3.1,4.3
0.87,58,0.8,13.5,1.5,0.5,0,0,0,2,255,16,21,11,0.4,0.1,-99,0.05,0.06,0.4,0.05,0,8,3,0,0.1
1.0,45,0.4,4,0,0.01,0,0,0,3,40,8,11,5,0.08,0.02,0,0,0.02,0.6,0.05,0.14,0,-99,0,-99
1.0,37,0.3,4,0,0.01,0,0,0,3,57,12,15,5,0.08,0.02,0,0,0.03,0.8,0.08,0.14,0,-99,0,-99
1.0,79,11.4,1.8,0,3,-99,0,-99,117,325,2250,-99,56,1,0.6,-99,0.06,0.3,8.3,-99,-99,-99,28,8,0
1.0,471.11,5.21,67.56,11.25,21.88,9.76,12.12,-99,947,529,48,221,67.4,16.4,2.4,-99,1.33,0.21,-99,0.25,0.12,0,6.62,-99,1.39
0.94,601,22,0.8,0,57,23.18,28.09,100,1060,207,51,59,10,2.2,1.3,-99,0.17,0.18,6.1,-99,0,0,0,0,-99
1.0,10,0,2.6,0,0,0,0,0,-99,-99,-99,-99,-99,-99,-99,-99,-99,-99,-99,-99,-99,-99,-99,-99,-99
0.6,81,1,20,1.9,0.2,0,0,0,-99,-99,30,20,-99,0.6,-99,-99,0.08,0.09,0.9,-99,0,18,-99,0,-99
0.15,47,10.7,0,0,0.5,0.05,0.15,40,121,43,128,204,51,24,1.3,0,0.04,0.14,4.1,0.08,0,0,250,0,0
1.0,518,7.8,56.4,0,30.6,18.2,10.8,0,19,397,40,287,100,2.2,0.2,-99,0.16,0.17,1.2,0.05,0,-99,-99,0,0.5
1.0,528,8,58.3,0,30.9,18.2,11,-99,110,350,270,230,26,0.2,0.9,-99,0.08,0.49,2.8,0.07,-99,0,-99,-99,1.14
1.0,534.9,8.4,60,0,30,17.46,10.84,74,100,440,188,255,55,1.4,0.2,0.08,0.1,0.35,1.4,0.07,-99,-99,-99,-99,0.49
1.0,556,9.5,47.5,-99,36.5,-99,0,-99,80,440,240,250,65,3,-99,0.08,0.15,0.32,0.6,-99,-99,1,-99,-99,7
1.0,272,24,17,-99,12,-99,0,-99,60,1500,190,740,500,12,-99,0.1,0.4,0.4,3,0.1,-99,0,-99,-99,0.9
1.0,507,5,54,-99,30,-99,0,-99,15,450,60,220,150,3,-99,0.05,0.08,0.08,0.7,-99,-99,0,-99,-99,2
1.0,175,13,1.2,0,13,4.3,7.85,64,-99,-99,-99,-99,-99,-99,-99,-99,-99,-99,-99,-99,-99,-99,-99,-99,-99
1.0,131,15,1.5,0,7.5,-99,0,-99,-99,-99,-99,-99,-99,-99,-99,-99,-99,-99,-99,-99,-99,-99,-99,-99,-99
0.97,271,27,0.5,0,18,6.45,10.52,60,1060,207,21,160,11,2.4,1.2,-99,0.3,0.13,7.1,0.15,0.9,0,0,0,0.3
0.7,113.2,19.3,-99,0,4,-99,0,-99,-99,-99,9,-99,-99,0.9,-99,0,0.32,0.1,6,0.3,-99,-99,-99,-99,-99
0.72,205,17.5,0,0,15,5.85,12.25,75,80,370,8,170,17,0.8,1.6,-99,0.57,0.14,7.2,0.29,2,0,1,0,0.1
0.78,247,15.4,0,0,20.6,7.3,9.2,79,61,230,9,170,16,3.2,2.1,-99,0.13,0.18,4.5,0.22,1.1,0,0,0,0.18
0.78,253,17,0,0,20.5,7.59,9.32,65,61,350,8,200,16,1.6,3.5,-99,0.05,0.16,7.3,0.25,1,0,0,0,0.2
1.0,348,4.6,40,1.2,20,2.62,16.37,-99,-99,-99,7,-99,14,0.6,0.4,-99,0.04,0.03,1.6,-99,0,0,0,0,-99
0.38,66.3,15,-99,0,0.7,0.11,0.37,150,146,266,30,200,30,0.59,3.6,-99,0.05,0.04,7.4,0.1,1,-99,9,-99,-99
0.85,44,0.6,11,2.1,0,0,0,0,2,190,14,19,8,0.4,0,-99,0.07,0.05,0.5,0.05,0,3,25,0,0.7
0.84,163,2.4,40,16.1,0.4,-99,0,0,10,720,32,70,34,2.4,0.4,-99,0.08,0.17,1.9,0.24,0,0,95,0,-99
1.0,48.43,11,0.7,0,0.2,-99,0,0,150,150,14,21,10,0.1,0.02,-99,0.01,0.2,0.16,0.02,0.1,0,0,0,0
1.0,352,79,5.1,0,1.5,-99,0,0,1238,1077,40,153,80,1.5,-99,0.58,0.04,2.1,0.7,0.02,-99,0,0,-99,-99
1.0,145.49,4,14.78,8.29,8.1,3.57,4.53,-99,603,1097,113,353,154.3,5.7,1.03,-99,0.11,0.13,-99,0.09,19.63,0,44,-99,0.94
0.7,350,3,3.7,10.5,36,30.93,2.99,0,17,405,13,94,52,2.1,0.5,-99,0.03,0.02,1.1,0.04,0,2,0,0,0.7
0.7,106.6,23,0,0,1.6,0.68,1.03,43,40,175,46,179,36,7.7,-99,-99,0.13,0.17,6.9,0.67,-99,0,0,0,-99
0.82,35.68,3.5,3.8,4.4,0.7,-99,0,0,7,390,36,80,80,1.5,0,-99,0.1,0.16,0.9,0.3,0,100,55,0,0.9
1.0,30,4.2,3,3,0.3,-99,0,0,5,273,32,72,72,0.8,-99,-99,0.08,0.14,0.6,0.2,-99,87,52,-99,-99
1.0,21,1.1,3.72,2.5,0.32,-99,0,0,8,267,60,32,9,0.5,0.1,0.01,0.07,0.05,0.6,0.09,0,55,3,0,0.2
0.68,23.53,1.4,4.3,2,0.2,-99,0,0,12,320,40,53,23,0.5,0.1,0,0.04,0.15,1.1,0.16,0,65,33,0,0.2
1.0,27.53,2,3.9,3.1,0.5,-99,0,0,5,320,53,44,7,1.19,0.3,0,0.15,0.03,2.1,0.25,0,105,833,0,1.7
0.8,22,2.2,3.1,2.1,0.2,-99,0,0,8,350,22,60,16,1,0.3,0.01,0.12,0.1,1.3,0.2,0,67,5,0,0.2
1.0,23,2.2,3.2,2,0.2,-99,0,0,11,217,18,41,41,0.7,-99,-99,0.09,0.08,0.5,-99,-99,45,21,-99,-99
1.0,35,1.1,3.7,2.2,0.2,-99,0,-99,10,239,47,39,39,0.4,0.1,0.03,0.07,0.07,1.1,0.2,0,43,58,0,0
1.0,29,0.9,6,2.7,0.2,-99,0,-99,7,167,39,31,31,0.3,-99,-99,0.06,0.06,0.8,0.1,-99,26,55,-99,-99
0.7,25,2,4.1,1.4,0.1,-99,0,-99,10,372,68,51,51,0.9,-99,-99,0.06,0.04,1.8,0.1,-99,66,2,-99,-99
1.0,22,1.7,3.5,1.5,0.1,-99,0,-99,7,260,45,41,41,0.5,-99,-99,0.06,0.03,1.2,0.1,-99,43,2,-99,-99
0.57,87.2,10,0,0,5.2,1.88,2.88,71,67,360,22.7,220,25,1.5,1.4,-99,0.1,0.19,8.7,0.5,11,0,0.34,0,0.27
0.57,120,10,0,0,7,3,3,85,97,360,23,220,24.9,1.5,1.4,-99,0.1,0.12,8.7,0.35,11,-99,0.34,-99,0.27
1.0,37,0.55,9.3,-99,0,-99,0,0,-99,-99,-99,-99,-99,-99,-99,-99,-99,-99,-99,-99,0,-99,-99,-99,0
0.75,106,19,1.4,0,2.8,-99,0,-99,-99,-99,30,202,30,0.7,0,-99,0.17,0.37,5.5,-99,1,0,500,22,-99
1.0,232,0,0.4,0,0,0,0,0,3,2,0,-99,0,0,-99,0,0,0,-99,0,0,0,0,-99,-99
1.0,485,13,58,-99,22,-99,0,-99,-99,-99,-99,-99,-99,-99,-99,-99,-99,-99,-99,-99,-99,-99,-99,-99,-99
1.0,384,13,65.4,6.7,7.7,-99,0,-99,5,400,70,430,140,4,-99,-99,0.56,0.15,1,0.16,-99,-99,-99,-99,1.1
1.0,363,14,61.2,6.7,7,-99,0,-99,5,360,65,405,139,5.1,-99,0.1,0.56,0.15,1,0.16,-99,0,-99,-99,1
1.0,307,12,61,10,1.7,-99,0,-99,2,450,30,350,120,4,-99,0.15,0.35,0.2,1.8,0.3,-99,-99,2,-99,1.8
1.0,350.45,8,83,2.5,0.8,0.2,0,0,1,-99,-99,-99,-99,7.9,-99,-99,1.2,1.33,15,1.7,0.8,50,-99,4.2,-99
1.0,355.25,7.4,83,1.8,1.6,0.21,1.39,0,1,-99,-99,-99,-99,-99,-99,-99,-99,1.6,15.3,-99,0.85,51,-99,4.25,1.2
1.0,350,14,76,2.5,1,0.3,0,0,1,-99,-99,180,50,23.3,-99,-99,2.3,2.7,30,3.3,1.7,100,-99,8.3,-99
1.0,100,17,-99,-99,3.6,0.96,2.12,150,80,257,20,176,20,4.3,2.2,-99,0.46,1.06,6.6,0.43,2.7,5.3,10,-99,-99
0.78,158,17,0.2,-99,10,-99,4.56,140,118,248,4,160,16,6.1,2.12,0.02,0.31,0.86,4.6,-99,-99,0,-99,-99,-99
1.0,121.65,17.3,1.8,-99,5.83,2.44,1.42,170,111,262,22,164,-99,1.7,3.1,-99,0.43,1.24,6,0,4.24,6,9,-99,1.2
0.8,104,17,0,0,4,1.96,1.17,150,108,286,6,195,25,4.8,0.2,0.07,0.44,0.88,6.8,0.28,13,6,6,-99,0.6
1.0,141,22,0,-99,6,-99,0,70,833,131,33,128,-99,-99,-99,-99,0.03,0.1,3.1,-99,-99,0,0,-99,-99
1.0,122,22.3,-99,-99,3.6,-99,0,110,84,342,25,220,-99,3,-99,-99,-99,0.25,-99,-99,-99,-99,-99,-99,-99
0.84,97,21,-99,-99,1.3,-99,0,110,60,309,5,220,-99,3,-99,-99,-99,0.25,-99,-99,-99,0,0,-99,-99
0.72,280,17,0,0,23.1,8.41,11.57,80,75,260,7,240,22,1,-99,-99,0.62,0.27,4.9,0.42,0.87,0,-99,0.8,-99
0.5,225,18,-99,0,17,8.72,6.58,78,90,345,10,190,24,5.2,1.9,-99,0.2,0.25,4.3,0.33,1,1,0,-99,0.6
1.0,112.3,21,0,0,3.1,1.17,1.6,70,95,348,12,200,18,2.1,-99,-99,0.15,0.26,6.7,0.44,1.5,0,0,0,0.08
1.0,88,1.76,7.04,0.3,6.16,0.97,1.63,9,721,87,17,38,5.99,0,0.07,-99,0,0,0,0.01,0.15,0,52,-99,0.46
1.0,88.03,1,7.04,0.2,6.16,1.86,2.75,8,721,109,0.3,63,8,0,0.26,-99,0,0.06,0.35,0.03,0.2,0,0,-99,0.65
1.0,339.44,10,61.86,-99,7.66,4.02,3.63,-99,505,207,25,171,54.3,2.09,1.95,-99,-99,-99,-99,0.16,4.58,0,2,-99,0.16
1.0,123,3,4.1,0,10.5,-99,0,3,40,132,101,85,11,0.1,-99,0.02,0.03,0.16,0.1,0.04,-99,1,74,-99,0.3
1.0,378,2,2.5,0,40,-99,0,131,39,105,73,59,8,-99,-99,0.01,0.03,0.11,-99,0.01,-99,1,-99,-99,1.1
1.0,305.61,9,64.67,-99,2.98,1.24,1.73,-99,519,202,24,184,39,2,1.8,-99,-99,-99,-99,0.36,0.63,0,6,-99,0.27
1.0,359.5,8.32,38.3,1.6,20.3,-99,0,-99,390,140,80,130,26,2,0.9,-99,0.18,0.16,3.8,0.11,0,0,21,0.13,-99
1.0,126,4.8,23.5,0.6,2.1,0.5,0,-99,528,136,101,65,14.2,0.5,0.3,-99,0.05,0.13,0.4,0.04,0.06,0,11,0,0.5
1.0,154,4.5,22.3,1,5,1.1,3.3,-99,100,150,50,100,20,1,0.3,-99,0.1,0.15,0.4,0.05,3,1,15,0,1
1.0,147,6,20,2,5.32,0.89,4.41,-99,550,160,50,100,20,1,0.3,-99,0.05,0.15,1.2,0.07,2,1,40,0,0.5
1.0,92.03,5,6.7,0.02,5.3,-99,0,0,63,217,179,131,6,0.1,0.5,0.01,0.02,0.19,3.3,0.01,0.3,1,50,0.05,-99
1.0,227.13,2.8,57,5.7,0.2,-99,0,0,8,590,52,50,46,1.1,0.3,-99,0.06,0.08,1.8,0.15,0,0,6,0,-99
0.87,277.75,2,71,8.7,0.3,-99,0,0,10,750,68,57,59,1.7,0.3,-99,0.08,0.04,3,0.15,0,3,7,0,-99
1.0,45,2.6,7.2,2,0.6,-99,0,-99,78,435,173,70,36,3.1,-99,-99,0.2,0.1,0.8,-99,-99,33,1300,-99,2.5
1.0,445,4.38,48.2,11.58,27.7,12.73,14.87,-99,443,97,95,89,20.2,4.3,3.5,-99,0.11,0.6,-99,0.04,1.73,2.2,3.65,-99,1.81
0.55,92.3,17,0,0,2.7,0.5,1.3,42,73,300,30,180,25,0.9,0.5,-99,0.06,0.08,5,0.18,2,-99,9,-99,1.25
1.0,508.19,6.72,62.11,7.39,27.6,12.45,15.14,-99,1133,297,54,256,78.9,19.3,2.4,-99,0.17,0.13,-99,0.2,0.32,0,7.91,-99,2.02
1.0,352,6,87,0,0.1,-99,0,-99,-99,-99,-99,-99,-99,-99,-99,-99,-99,-99,-99,-99,-99,-99,-99,-99,-99
1.0,238.84,4.76,29.74,5.37,12.03,5.13,6.89,-99,713,204,30,243,24.7,1.07,0.38,-99,0.17,0.14,-99,0.13,13.09,0,28,-99,1.95
1.0,253.37,6,27.38,6.84,14,6.72,7.28,-99,555,198,34,193,18.3,1.3,0.31,-99,0.15,0.14,-99,0.09,12.52,0,28,-99,2.95
1.0,248.25,9,24,1.2,13.5,5.3,0,-99,463,101,54,75,15.3,1.5,0.3,-99,0.12,0.05,1.6,0.05,-99,4,228,0,3.2
0.81,21.66,1.5,3.6,1.3,0.24,0.04,0.15,0,10,322,58,33,13,0.7,0.3,-99,0.05,0.06,0.2,0.05,0,10,251,0.1,1
0.64,20,1.5,3,1.6,0.3,-99,0,-99,10,387,68,40,13,1.3,0.3,-99,0.1,0.1,0.6,0.02,0,13,73,0,-99
1.0,342.08,12,74.1,4,1.8,0.2,1,0,3,250,25,190,56,2.1,1.5,-99,0.22,0.03,5.6,0.17,0,0,0,0,-99
0.6,17.9,2.9,1.7,1.5,-99,-99,0,0,3,207,27.7,59,12.5,1.3,0.51,0.05,0.12,0.11,1.5,0.07,0,21.6,53,0,2
1.0,23.05,1.9,3.4,1,0.3,-99,0,0,236,160,19,43,15,0.7,0.3,0,0.07,0.1,0.9,0.03,0,15,47.5,0,1.5
0.8,12,2.3,0.1,2.3,0.3,-99,0,0,40,320,120,45,46,2.1,-99,-99,0.09,0.16,0.5,-99,-99,29,500,-99,-99
1.0,12,2.3,0.1,2.3,0.3,-99,0,0,46,324,126,38,46,2.2,-99,-99,0.07,0.14,0.5,-99,-99,28,816,-99,-99
0.81,18,2.52,1.2,2.3,0.3,0.03,0.2,0,81,423,126,51,58,4,0.5,0.1,0.1,0.19,1.4,0.18,0,51,942,0,2
1.0,54,6.68,13.42,7.8,8.82,3.73,5.08,-99,894,1170,118,309,174.3,7.8,0.63,-99,0.12,0.1,-99,0.1,10.59,0,24,-99,0.35
1.0,99,18,1.8,0,2.3,0.8,1.35,43,-99,-99,-99,-99,-99,-99,-99,-99,-99,-99,-99,-99,-99,-99,-99,-99,-99
1.0,86,12,4.6,0,2.15,0.75,1.4,39,-99,-99,-99,-99,-99,-99,-99,-99,-99,-99,-99,-99,-99,-99,-99,-99,-99
1.0,131,19,-99,-99,6.1,-99,0,-99,80,417,-99,-99,-99,2,-99,-99,-99,-99,-99,-99,-99,0,0,-99,-99
1.0,112,22,0,0,2.8,0.93,1.68,69,81,320,14,-99,23,1,0.7,-99,0.1,0.15,14,0.42,0,0,0,0,0.1
1.0,121.3,4.9,16,0,2.3,0,0,21,58,118,86,63,14,0.1,0.4,-99,0.05,0.14,1,-99,0.17,-99,108,0.12,-99
1.0,100,3,19.1,-99,1.8,-99,0,-99,48,161,131,99,-99,-99,-99,-99,-99,0.16,-99,-99,0.25,-99,27,0.03,-99
1.0,453,14,5,0,42,17.3,21.16,255,738,173,23,-99,12,5.5,2.3,-99,0.18,0.85,7.1,-99,12,0,8300,0.3,-99
1.0,39,1,8,7.4,0.6,0,0,0,3,220,41,29,22,1.2,0.1,-99,0.02,0.03,0.8,0.06,0,25,1,0,0.2
0.95,34,0.7,7,2.2,0.5,0,0,0,2,190,30,26,12,0.8,0.1,-99,0.02,0.04,0.6,0.06,0,60,5,0,0.2
0.95,34,0.7,7,2.2,0.5,0,0,0,2,190,30,26,12,0.8,0.1,-99,0.02,0.04,0.6,0.06,0,60,5,0,0.2
1.0,82,7.3,-99,-99,4.2,-99,3.6,-99,-99,-99,-99,-99,-99,-99,-99,-99,-99,-99,-99,-99,-99,-99,-99,-99,-99
1.0,476.63,19,5.5,0,42,15.5,26.45,87,-99,-99,-99,-99,-99,-99,-99,-99,-99,-99,-99,-99,-99,-99,-99,-99,-99
1.0,422,8,75,3,10,0,0,80,387,139,47,109,23,1.8,-99,0.07,0.04,0.09,0.5,0.08,-99,-99,0,-99,-99
1.0,443,8,60,8,19,-99,0,-99,-99,-99,0,-99,-99,-99,-99,-99,-99,-99,-99,-99,-99,-99,-99,-99,-99
1.0,470,6.3,68,2.2,20.9,8.6,11.3,41,600,170,92,88,23,3.2,0.5,-99,0.14,0.11,2.4,0.09,0,0,0,0,-99
1.0,459,7.5,68,3.3,19,9.7,8.2,66,-99,-99,117,-99,25,2,0.58,-99,0.1,0.08,2.1,0.08,0,0,0,0,0
1.0,432,7,74,5,14,6.73,6.63,-99,410,140,115,87,32,2,0.6,-99,0.13,0.08,2,0.06,0,0,-99,0,0
0.7,232,17.3,0,0,18.1,5.13,11.66,110,64,196,13,169,22,1.1,1,-99,0.1,0.15,6.4,0.3,0.31,2,0,0,0.3
0.55,80,15.8,0.5,0,1.9,0.33,1,62,150,230,33,260,40,0.7,0.4,-99,0.1,0.12,3.7,0.38,1,-99,0,-99,-99
0.47,93,20,0,0,1.4,0.22,0.75,150,360,266,122,300,47,1.9,3.6,-99,0.05,0.04,7.4,0.1,1,0.01,9,0.01,2.9
1.0,488.78,9.9,56.9,-99,26.2,-99,0,-99,970,263,45,-99,50,-99,-99,-99,-99,-99,-99,-99,-99,-99,-99,-99,-99
1.0,342,16,-99,-99,31,-99,0,75,86,420,12,184,-99,1.9,-99,-99,0.12,0.26,6.39,0.58,-99,-99,65,-99,0.1
1.0,340,20.5,55.8,13.6,5.5,0.38,4.1,0,27,797,140,428,122,6.5,0.8,-99,0.5,0.15,1.7,0.54,0,4,32,0,3.1
1.0,128.3,7,14.32,4.92,5.32,2.1,3.24,-99,845,1214,123,373,124.3,5.66,0.84,-99,0.02,0.1,-99,0.1,22.43,0,35,-99,0.81
1.0,1,0.01,0.07,0,0.1,0,0,0,11,3,9,8,1,0.03,0,0,0.01,0.01,0,0,0,0,0,0,0
1.0,60,1.4,13.6,-99,0,-99,0,-99,-99,-99,-99,-99,-99,-99,-99,-99,-99,-99,-99,-99,-99,-99,-99,-99,-99
1.0,313,66,12.5,-99,0,-99,0,-99,-99,-99,-99,-99,-99,-99,-99,-99,-99,-99,-99,-99,-99,-99,-99,-99,-99
1.0,277.63,26,23.58,24.72,9.2,1.68,5.91,-99,20,1065,62,1100,325,8.5,14.5,-99,2,0.55,9.8,4,-99,0,160,-99,11.7
1.0,244,0,0,0,0,0,0,0,2,0,0,0,0,0.1,-99,0,0,0,0,0,0,0,0,0,0
1.0,472,5,68,0,20,-99,0,131,62,57,25,85,7,0.8,-99,0.04,0.03,0.08,0.2,0.05,-99,-99,118,-99,-99
1.0,551,7.5,55,0,33.5,-99,0,-99,45,-99,-99,-99,-99,-99,-99,-99,-99,-99,-99,-99,-99,-99,-99,-99,-99
1.0,320,11.6,62.4,8.8,2.7,-99,0,-99,3,447,22,411,130,4.2,-99,0.06,0.3,0.1,1.5,0.3,-99,0,0,-99,0.3
1.0,359,13,61.2,5.6,7.1,-99,0,-99,8,355,79,342,129,5.8,-99,0.1,0.52,0.17,2.4,0.96,-99,-99,-99,-99,1
1.0,292,10.6,57.7,9.8,2.1,-99,0,-99,18,444,38,342,114,2.8,-99,0.12,0.43,0.18,4.8,0.56,-99,0,0,-99,0.6
0.81,11.17,2.7,0.1,3.9,-99,-99,0,-99,10,78,98,35,10,3.1,0.4,-99,0.06,0.2,0.9,0.16,0,40,1000,0,2
0.87,58,0.8,13.5,1.5,0.5,0,0,0,2,255,16,21,11,0.4,0.1,-99,0.05,0.06,0.4,0.05,0,8,20,0,0.1
1.0,62,5.3,10,7.8,0.4,0.15,0.18,0,3,190,25,-99,27,1.5,0.9,-99,0.3,0.11,3,0.1,0,18,50,0,-99
1.0,317,22,57,17,2.3,0.77,0.92,0,40,990,73,300,123,5.2,3.5,-99,0.76,0.27,5.2,0.13,0,2,42,0,1.04
0.44,78,6,13.1,5.2,0.5,0.19,0.22,0,1,340,24,122,35,1.7,0.7,-99,0.3,0.15,3,0.16,0,23,50,0,0.1
0.3,54,4.6,8.6,4.2,0.4,0.05,0.33,0,120,323,23,84,28,1.7,0.7,-99,0.17,0.09,2.8,0.06,0,24,29,0,-99
1.0,245,26.1,32.5,28,2.1,0.33,1.47,0,11,1090,100,590,190,5.5,3.5,0,0.52,0.27,26,0.37,0,4,42,0,0
1.0,256.65,11,19.77,-99,15.08,4.23,9.05,48,441,110,119,146,17.67,1.86,2.19,-99,0.22,0.19,3.77,0.13,0.84,0.77,50,0.38,-99
1.0,259,13,26.9,-99,11.9,4.01,6.66,45,646,192,171,152,18.1,1.98,1.8,-99,0.25,0.18,3.33,0.1,0.81,1.85,101,0,0.55
1.0,244.53,12,30,-99,9.31,3.2,5.17,36,490,210,119,107,22.55,2.25,2.01,-99,0.28,0.16,3.77,0.12,0.82,2.11,44.7,0,0.5
1.0,300,6.9,65.7,11.3,1,-99,0,-99,1,170,22,135,26,2.1,0.77,-99,0.18,0.09,0.6,0.11,0,0,41,-99,0.5
1.0,351,6.4,79.1,2,0.7,-99,0,-99,4,104,7,90,23,0.4,-99,0.03,0.06,0.05,3.5,0.2,0,0,0,-99,10
1.0,360,10,75.3,-99,2,-99,0,-99,3,349,20,300,80,3,-99,0.08,0.3,0.1,1.5,0.3,-99,0,0,-99,0.3
1.0,446.83,37,23.5,11.2,23.5,2.61,14.32,0,9,1660,210,600,240,6.9,3.9,-99,0.75,0.28,10.6,0.46,0,0,0,0,1.5
1.0,348,9.3,80,3.4,1.2,0.16,0.64,0,3,130,15,120,28,1.1,0.8,-99,0.09,0.06,2.3,0.15,0,0,0,0,0.3
1.0,335,43,25.3,14.3,6.7,-99,0,0,-99,2025,-99,244,286,9.1,-99,-99,0.83,0.36,2.6,-99,-99,-99,0,-99,-99
1.0,350,10.6,72,10.7,1.9,-99,0,-99,5,458,39,390,155,3,-99,0.1,0.16,0.08,5.5,0.33,-99,0,0,-99,0.2
1.0,273,11,54.1,16.8,1.5,-99,0,-99,2,439,23,362,83,3,-99,-99,0.3,0.14,1.9,0.3,-99,0,59,-99,1.8
1.0,333,9,65.2,9.2,4,-99,0,-99,1,280,19,260,100,2.3,-99,-99,0.37,0.11,2,-99,-99,0,150,-99,-99
1.0,453,37,23.5,11.9,23.5,-99,0,0,4,1870,195,553,235,12.1,-99,0.11,0.77,0.28,2.2,-99,-99,0,0.11,-99,3.3
1.0,306,11.7,60.4,11.6,2,-99,0,-99,2,290,40,392,140,3,-99,-99,0.3,0.15,4.8,0.46,-99,0,50,-99,1.6
1.0,360,6.2,82.1,0.4,0.8,0.49,0.31,-99,-99,-99,-99,-99,-99,-99,-99,-99,-99,-99,-99,-99,-99,-99,-99,-99,-99
1.0,184.35,4.5,25.4,-99,7.9,4,3.6,21,64,180,150,120,13,0.2,0.4,-99,0.05,0.18,1,0.03,0.3,1,480,-99,-99
0.83,134,21,1.5,0,5,1.85,2.65,360,87,330,8,350,21,13,6.9,-99,0.4,3,15,0.3,25,26,17595,2.2,0.17
1.0,129,21,3,0,4,2,1.61,300,93,330,10,360,20,8,4.8,-99,0.37,2.6,16.1,0.54,75,15,20000,1.2,0.4
1.0,122.93,19.7,1.2,-99,3.7,1.21,2.11,300,68,172,12,240,21,7.4,3.4,0.19,0.19,2.5,10.8,0.4,56,17,12800,0,0.4
1.0,129,19,5.3,0,3.8,1.79,1.63,370,136,330,8,250,13,5,4.8,-99,0.37,2.6,16.1,2,100,30,10560,1.2,1.5
1.0,129,20,4,0,4.2,1.37,1.92,370,93,330,10,306,20,8,4.8,0.02,0.37,2.6,16.1,0.9,75,30,3900,0.6,0.2
0.85,65,1.2,16,2.5,0.1,0.01,0.02,0,3,235,38,22,20,0.6,0.3,-99,0.05,0.05,0.5,0.11,0,3.5,25,0,-99
1.0,231,3.6,53,18.5,2,-99,0,0,87,1010,178,89,82,3,0.9,-99,0.08,0.1,0.8,0.26,0,1,11,0,-99
1.0,36,2.4,5.8,3.3,0.3,-99,0,-99,86,494,109,51,49,2.7,-99,-99,0.2,0.1,0.2,0.1,-99,93,783,-99,6
1.0,422,8,30,0,30,-99,0,71,166,84,56,177,12,0.7,-99,0.07,0.03,0.1,0.4,0.07,-99,0,0,-99,-99
1.0,113,24,0,0,1.8,0.32,0.93,500,-99,-99,17,-99,0,1.6,0.5,-99,1,1.2,6,-99,-99,20,140,2,-99
0.88,159,12.1,0.68,0,12.1,3.3,6.7,410,140,140,56,200,12,2.2,1.5,0.02,0.1,0.33,0.08,0.11,2.1,0,227,1.75,1.6
0.89,184.23,13,0.7,0,14.4,3.4,5.5,500,100,150,63,178,12,2.7,1.5,0.02,0,0.53,4.96,0.11,1.7,0,740,0.01,1.6
1.0,164.6,13.7,0.7,0,12.2,3.33,5.49,680,100,150,99,170,12,4.1,1.5,0.03,0.11,0.47,4.05,0.11,1.7,0,140,1.75,1.6
0.88,159,12.1,0.68,0,12.1,3.3,6.7,410,140,140,56,200,12,2.2,1.5,0.02,0.1,0.33,0.08,0.11,2.1,0,227,1.75,1.6
1.0,571,46,2.2,0,41.9,-99,0,2200,455,516,208,792,47,9.7,-99,0.43,0.4,1.38,0.2,0.08,-99,-99,800,-99,9.5
1.0,108.42,19.5,0,0,3.38,-99,0,-99,-99,-99,-99,-99,-99,-99,-99,-99,-99,-99,-99,-99,-99,-99,-99,-99,-99
1.0,85,-99,21,-99,0,-99,0,-99,-99,-99,-99,-99,-99,-99,-99,-99,-99,-99,-99,-99,-99,-99,-99,-99,-99
1.0,332,-99,83,-99,0,-99,0,-99,-99,-99,-99,-99,-99,-99,-99,-99,-99,-99,-99,-99,-99,-99,-99,-99,-99
1.0,244,0.2,65,0,0,0,0,0,10,70,10,-99,-99,0.2,-99,-99,0.02,0.02,0,0,0,4,4,0,0
1.0,108,19,1.3,0,3,0.45,3.05,45,970,270,10,92,17.5,2.1,2.8,-99,0.46,0.18,3.2,0.2,0,0,0,0,0.08
1.0,241.38,30,0.1,0,13,4.25,8.24,70,1110,160,12.7,180,18,2.3,2.3,-99,0.57,0.22,6.7,0.41,0,0,0,0,0.08
1.0,374.4,43,0,0,22.4,6.49,15.67,-99,1111,153,27,157,1.57,3.35,3.04,-99,0.84,0.2,4.5,0.42,15.68,-99,-99,-99,-99
1.0,217.9,28.6,0,0,11.5,4,5.27,-99,-99,-99,23,190,-99,2.2,-99,0,0.58,0.25,6.5,-99,-99,0,-99,-99,-99
1.0,145,2,32,-99,1,-99,0,-99,-99,-99,-99,-99,-99,-99,-99,-99,-99,-99,-99,-99,-99,-99,-99,-99,-99
1.0,200,-99,50,-99,0,-99,0,-99,-99,-99,-99,-99,-99,-99,-99,-99,-99,-99,-99,-99,-99,-99,-99,-99,-99
1.0,97,3,14,-99,3.4,-99,0,-99,-99,-99,-99,-99,-99,-99,-99,-99,-99,-99,-99,-99,-99,-99,-99,-99,-99
1.0,61,2.5,11,-99,0.8,-99,0,-99,34,910,97,140,130,17,-99,-99,-99,-99,-99,-99,-99,-99,-99,-99,-99
1.0,23,1.2,4.2,1,0.1,0,0,0,275,148,34,24,20,1.3,-99,-99,0.07,0.04,0.3,0.03,-99,4,33,-99,0.1
1.0,27,1.6,4.4,3,0.3,-99,0,0,-99,151,50,37,-99,0.6,-99,-99,0.07,0.09,0.5,-99,-99,12,53,-99,-99
1.0,304,21.4,55,21,1.6,0.21,0.9,0,43,1030,126,430,160,6.1,4,0.09,0.6,0.2,2.5,0.42,0,3.4,0,0,2
0.91,35,2.4,6,2.9,0.2,0.07,0.29,0,2,280,56,44,26,0.9,0.2,0.01,0.08,0.11,0.5,0.28,0,19,60,0,0.1
1.0,8.5,0.4,1.6,0.1,0.1,-99,0,-99,1,110,9,7,6,-99,0.01,-99,0.02,0.01,0.1,0.04,0,38,1,0,-99
1.0,38.95,0.1,9.8,-99,0.2,-99,0,-99,9,18,2,22,-99,1.5,-99,-99,0.01,0.01,0.5,-99,0,25,35,0,1.05
1.0,12,3,-99,-99,-99,-99,0,-99,18,316,190,61,-99,-99,-99,-99,-99,-99,-99,-99,-99,-99,-99,-99,-99
0.71,127,15.7,0.8,0,6.8,-99,0,-99,-99,-99,17,-99,31,1,0.5,-99,0.09,0.3,9,-99,10,0,36,16,-99
1.0,62.7,3.3,4.8,0,3.5,0,0,-99,46,160,120,90,14,0.13,0,-99,0.03,0.18,0.1,0.04,-99,1,31,0.1,-99
1.0,98,2,24,0,0,0,0,0,1120,590,25,40,19,1.2,0.4,-99,0.08,0.05,1,0.13,0,0,30,0.3,1.5
0.85,54.24,1,12.1,1.5,0.54,0,0,0,4,314,32,35,27,0.6,0.1,-99,0.02,0.05,0.6,0.15,0,94,3,0,-99
1.0,515,6.7,62,-99,26.7,-99,0,-99,-99,-99,-99,-99,-99,-99,-99,-99,-99,-99,-99,-99,-99,-99,-99,-99,-99
1.0,352,22,0.8,0,29.2,11.3,14.91,69,965,270,13,-99,18,1.8,2.3,-99,0.65,0.15,8.8,-99,0,0,0,0,-99
0.38,91,18.3,-99,0,2,0.24,1.12,150,270,220,60,234,34,0.7,2.3,0.21,0.12,0.11,5.3,0.75,1,-99,-99,-99,1.5
0.47,94,21,0,0,1.3,0.29,0.65,150,366,260,120,300,42,2.9,4.6,-99,0.01,0.03,2.4,0.1,2,0.01,18,18,2.9
1.0,133.03,6.05,14.38,2.14,6.1,2.84,3.2,-99,414,92,164,123,30.9,2.6,1.03,-99,0.22,0.34,-99,0.1,10.23,0,206,-99,0.49
1.0,346.1,11.9,74.8,3.1,2,0.32,1.25,0,10,230,23,200,48,1.8,1.5,0.09,0.49,0.06,4.9,0.11,0,0,0,0,0
1.0,150,8.2,10,0,8.8,5.25,3.04,34,180,375,255,201,28,0.2,1.1,-99,0.06,0.41,2,0.05,0.5,1,96,0.08,-99
1.0,332,8.8,56,0,9.3,6.3,3.16,34,130,390,284,220,27,0.2,1,0.05,0.07,0.4,2,0.02,0.5,1,124,0.1,0.4
1.0,39.97,2,6.1,-99,1.01,0,0,0,0,64,110,61,10,0.01,-99,-99,0.04,0.06,0.07,0.04,0.11,2,17,0,0
1.0,66,3.5,4.5,0,3.9,2.58,1.15,12,40,180,110,95,13,0.12,0.4,-99,0.04,0.12,1.1,0.05,0.1,1.5,40,0.06,0.03
1.0,94.3,5.4,5.1,0,6,4.01,1.84,11,44,155,200,135,15,0.05,0.6,-99,0.06,0.32,1.7,0.08,0.6,5,47,0.18,0.11
1.0,36,3.4,2.2,1.2,1.5,-99,0,0,20,-99,21,48,-99,0.8,-99,-99,0.08,0.03,0.2,-99,-99,0,-99,-99,-99
1.0,33.18,3.4,4.9,0,0.1,0.06,0.04,2,52,150,130,150,12,0.1,0.3,0.17,0.04,0.17,0.8,0.04,0.3,1.4,0,0,0
1.0,65,3.3,5,0,3.7,2.2,1.27,14,50,150,121,100,12.5,0.1,0.3,-99,0.04,0.18,0.8,0.04,0.3,1.8,46,0.03,0.1
1.0,44.53,3.5,4.4,0,1.6,1.1,0.46,6,55,150,125,95,11.9,0.1,0.52,-99,0.04,0.19,0.87,0.06,0.3,0.52,19,0.02,0.04
1.0,83.2,26,38.1,0,26.3,16.5,8.3,120,440,1270,976,740,86,0.6,2.7,0.15,0.33,1.4,7.3,0.23,2,5.5,290,0.2,0.7
1.0,358,38,53,0,1,0.6,0.25,18,550,1650,1196,967,117,0.5,4.2,0.2,0.38,1.7,9.4,0.6,3,6,235,2.1,0.27
0.6,16.6,1.5,1.4,1.5,0.6,0.12,0.37,0,9,240,34,31,5.7,1,0.3,0.03,0.06,0.06,0.6,0.07,0,12,29,0,0.5
1.0,186,17,1.7,0,13.2,4.93,7.01,180,420,250,8,-99,23,3.1,2.7,-99,0.15,0.37,9,0.18,16,5,0,0,0.3
0.77,124,18,0.4,0,5.9,4.93,7.01,180,77,210,10,200,10,3.1,2.7,-99,0.15,0.37,3.6,0.18,4,2,0,0,0.3
0.55,81.38,16.5,0.5,0,1.3,0.18,0.7,60,95,230,30,260,29,0.7,0.4,-99,0.1,0.12,5.5,0.43,1,-99,0,0,-99
1.0,310,23,50.8,10.6,1.8,0.23,1.14,0,36,670,74,240,77,6.9,3.7,0.03,0.43,0.26,5.6,0.6,0,3,10,0,1.8
1.0,138.46,4,13.95,8.27,7.87,3.38,7.62,-99,914,977,107,389,166.3,5.9,0.77,-99,0.07,0.11,-99,0.11,8.94,0,34,-99,0.51
1.0,383,0,27.6,0,0,-99,0,-99,0,0,0,0,0,0,0,0,0,0,0,0,0,0,0,0,0
0.8,113,21.6,0,0,4.6,1.88,2.38,71,67,360,22,220,25,1,1.4,-99,0.1,0.19,12.5,0.5,10,0,0,0,0.13
0.64,40.15,0.7,9,1,0.4,0,0,0,3,149,12,16,18,0.4,0.12,-99,0.04,0.03,0.11,0.11,0,50,1,0,0.5
1.0,119,1,28.3,6,0.2,-99,0,-99,-99,350,7,35,33,0.5,-99,-99,0.05,0.05,0.7,-99,-99,20,60,-99,-99
1.0,129,1,31.1,6,0.1,-99,0,-99,4,330,9,34,34,0.4,-99,-99,-99,0.01,0.3,-99,-99,3,60,-99,-99
1.0,98,20,0,0,2,0.9,1.75,58,70,300,9.3,170,16,1.8,1.6,-99,0.79,0.2,4.1,0.39,2.1,5.1,0,0.01,0.01
1.0,194,19,-99,-99,13.2,-99,0,65,75,295,9,140,-99,2,-99,-99,0.16,0.23,4.3,-99,-99,0,0,-99,-99
1.0,252,14.4,-99,-99,21.6,9.3,10.4,67,74,335,12,200,12.9,2.5,3.5,-99,0.09,0.16,7.6,0.26,1,0,0,0,0.2
0.97,245,34,0.3,0,12,4.7,7.75,86,1470,230,20,180,20,3.7,2.6,-99,0.8,0.25,12,0.22,2,0,0,0,0.44
1.0,347,25,0,0,27.5,11.25,6.15,88,70,200,20,160,200,1.6,-99,-99,0.2,0.15,0.25,-99,-99,0,-99,-99,-99
0.67,86,18,0.6,0,1.3,0.27,0.84,68,80,225,20,210,26,1.1,0.8,-99,0.11,0.16,6.7,-99,3.8,0,0,0,-99
0.7,83,19,-99,-99,0.7,-99,0,-99,81,237,27,194,18,1.4,-99,-99,0.16,0.25,2.3,-99,-99,1,-99,-99,-99
1.0,348.45,12,75.8,4,1.8,0.3,0.9,0,11,230,25,180,53,1.6,1.5,-99,0.18,0.05,5.4,0.1,0,0,0,0,-99
1.0,468,6.5,65.7,2.5,22,0,19.87,130,500,90,82,84,10,1.5,2,-99,0.14,0.06,1,0.07,0,0,240,2,0.7
1.0,54,2.7,8,4,1.2,-99,0,-99,-99,176,7,93,36,0.4,-99,-99,0.11,0.1,1.3,0.2,-99,7,120,-99,0.5
1.0,50,1,10.7,1,0.2,-99,0,-99,110,16,1,-99,7,0.2,2,-99,0.2,0.1,1,0.7,-99,4,0.02,-99,1.8
1.0,110,3.2,21,2,1.5,-99,0,-99,209,230,-99,-99,-99,-99,-99,-99,-99,-99,-99,-99,-99,-99,-99,-99,0.1
1.0,90,3,16.7,4,1.2,-99,0,-99,-99,300,7,116,43,0.5,-99,0,0.15,0.12,1.7,0.2,-99,12,120,-99,0.1
1.0,310,9,65.2,9.2,3.8,0.57,2.53,0,6,330,15,256,120,4.3,2.5,0.06,0.36,0.2,1.5,0.4,-99,0,0.06,-99,1.95
1.0,310.82,8.5,65,9.2,3.8,0.57,2.53,0,6,330,15,256,120,4.3,2.5,0,0.36,0.2,1.5,0.4,0,0,0.06,0,1.95
0.72,36,0.8,9,1.9,0,0,0,0,2,160,36,17,11,0.3,0.4,-99,0.07,0.02,0.3,0.07,0,35,106,0,0.22
0.39,291,16,0.5,0,25,8.33,14.2,6,60,300,10,190,30,2.5,2.6,-99,1,0.2,4,0.5,1,-99,-99,-99,-99
1.0,606,25.5,12,7,51,10.1,38.6,0,313,750,40,366,180,2,-99,-99,0.15,0.1,15,0.5,0,0,0,0,5
1.0,891,0,0,0,99,37.71,45.53,70,2,1,1,3,1,0.1,0,-99,0,0,0,0,0,0,0,0,0
1.0,749,0.6,0.4,0,83,45.09,26.19,230,10,20,15,15,2,0.2,0.15,-99,0,0,0,0,0,0,828,0.76,2
0.84,46,0.3,12,2,0,0,0,0,2,120,6,9,5,0.4,0.1,-99,0.04,0.02,0.2,0.03,0,10,5,0,0.2
1.0,747,0.3,0.2,0,82.8,23.58,47.43,0,80,10,8,6,1,0.2,0,-99,0,0,0,0,0,0,900,8,8
1.0,378,0.7,0.5,0,41,12,24.03,1,100,7,12,8,0.5,-99,-99,-99,0,0,0,0,0,0,900,8,6
1.0,303,8,52,-99,7,-99,0,-99,-99,-99,-99,-99,-99,-99,-99,-99,-99,-99,-99,-99,-99,-99,-99,-99,-99
1.0,61,2.8,11.7,3.6,0.3,-99,0,-99,9,554,105,65,33,1.4,-99,-99,0.14,0.11,0.6,0.2,-99,114,4,-99,-99
1.0,394,1,11.6,0,38.5,4.95,28.89,50,750,10,0,0,0,0.3,0,-99,0,0,0,0,0,0,0,0,14
1.0,717.68,1.8,0.1,0,78.9,11.85,59.15,260,360,240,16,46,7,0.1,0.4,-99,0.06,0.11,1,0.03,1,0,80,1,17
1.0,447,9,52,6,24,1.9,4.5,0,17,286,74,230,128,2,-99,0.03,0.1,0.45,1.5,0.06,0,0,10,0.1,12
1.0,264,6.49,52.34,2.92,4.66,0.98,3.67,-99,198,0,24,94,35.4,2.4,1.9,-99,0.27,0.15,0,0.1,0.89,0,4.6,-99,0.29
0.25,67,10.8,1.9,0,1.9,0.34,0.87,100,290,320,80,250,23,4.5,1.8,-99,0.1,0.14,3,0.08,10.2,-99,-99,-99,0.9
1.0,82,12,2,0,2.9,0.51,1.33,100,290,320,80,250,23,4.5,1.8,-99,0.1,0.14,3,0.08,-99,-99,-99,-99,1.2
0.88,36,0.6,9,1.4,0.1,0,0,0,1,140,8,22,9,0.4,0.1,-99,0.03,0.05,1,0.02,0,8,17,0,0.5
1.0,69,0.4,18,1,0,-99,0,0,3,130,4.5,13,6,0.3,0.03,-99,0.02,0.02,0,0.02,0,4,12.5,0,0
0.6,52.43,0.6,13,0.75,0.1,0,0,0,10,320,16,18,12,0.4,0.29,-99,0.04,0.02,0.5,0.07,0,32,3,0,0.16
0.61,27,0.4,6.8,6.4,0,0,0,0,3,200,14,19,6,0.4,0.5,-99,0.02,0.02,0.2,0.04,0,13,0,0,-99
1.0,215,0.2,57,3.2,0,0,0,0,3,200,7,-99,3,0.2,-99,-99,0.01,0.01,0.1,-99,0,0,0,0,0
0.82,63.4,11.8,0.8,0,1.8,0.35,0.89,67,100,270,33,190,25,1.18,0.37,-99,0.08,0.08,6.1,0.16,1,0,0,0,0.35
1.0,263,0.2,70,0.7,0,0,0,0,18,44,25,0,4,0.4,-99,-99,0,0,0,0,0,7,8,0,0
1.0,27,0.7,6,2.3,0.6,0,0,0,47,155,15,18,8,0.4,0.07,-99,0.04,0.04,0.4,0.05,0,5,20,0,0.57
1.0,144,0.44,38,-99,0,-99,0,0,-99,-99,-99,-99,-99,-99,-99,-99,-99,-99,-99,0,0,-99,-99,0,0
0.57,118,16,0,0,6,0.92,4.57,47,80,255,14,210,20,0.94,0.5,-99,0.8,0.14,2.3,0.32,2,-99,0,0,0.8
1.0,288,0.4,76.4,0,0,0,0,0,11,51,5,17,2,0.4,0.9,-99,0.01,0.04,0.2,-99,0,0,0,0,0
1.0,354,10.6,69,4,3.9,-99,0,-99,3,430,20,310,170,9,-99,0.04,0.26,0.14,1.8,0.75,-99,0,0,-99,0.1
1.0,131,15,0,0,7.8,-99,0,-99,-99,-99,8,-99,21,1.7,1.9,-99,0.03,0.25,7,0,6,18,0,0,0.1
0.97,429,19.5,3,0,37.8,16,19.33,70,1060,207,11,80,20,14,-99,-99,0.08,0.1,1,0.04,0.4,0,1,0.01,0.2
1.0,133,19.5,-99,-99,6.2,-99,0,-99,76,362,13,200,-99,3.2,-99,-99,0.09,0.19,5.2,-99,-99,-99,3,-99,-99
1.0,310,14,3,0,27,10.9,14.43,72,668,207,13,160,9,2.2,2.9,-99,0.33,0.21,5.9,0.05,0,0,0,0,0.1
1.0,287,11,-99,-99,27,-99,0,100,620,122,25,-99,-99,-99,-99,-99,0.04,0.13,2.4,-99,-99,-99,-99,-99,-99
1.0,102,5.9,5.5,-99,6.3,-99,0,-99,1307,130,124,134,48,1.8,-99,-99,-99,-99,-99,-99,-99,-99,-99,-99,-99
1.0,82,4.7,6.4,0,4.4,0.66,3.3,0,1252,130,84,73,48,2,-99,-99,0.1,0.2,0.8,0,1,52.5,80,10,-99
1.0,175.58,5,23.7,0,7.5,1.63,5.5,70,49,187,129,119,31,1,0.5,0.3,0.02,0.17,7.1,0.45,0.21,1,19,0.03,0.21
1.0,157.08,4.3,15.7,-99,9,-99,0,-99,44,153,133,97,-99,-99,-99,-99,-99,0.16,-99,-99,0.24,-99,40,0.05,-99
1.0,362.13,11,71,6.1,5.9,-99,0,0,382,440,120,280,85,5.6,2.5,0,0.5,0.7,8.8,0.3,0,0.4,-99,0,3.2
0.49,127,15.8,0.8,0,6.8,2.26,3.84,34,81,292,38,217,26,1.2,0.8,-99,0.08,0.21,5.7,-99,-99,0,27,0,-99
1.0,5,0.1,1.2,-99,0,-99,0,-99,-99,-99,-99,-99,-99,-99,-99,-99,-99,-99,-99,-99,-99,-99,-99,-99,-99
0.81,114,20.5,0,0,3.6,1.31,1.63,75,86,289,-99,-99,17,2,2.4,-99,0.09,0.18,4.7,-99,-99,-99,0,-99,1.2
0.38,108.6,19.5,-99,0,3.4,1.4,1.89,68,95,250,15,188,21,1.8,0.8,-99,0.1,0.2,7.8,0.4,-99,1.7,0,0,0.1
0.73,25,0.8,5,2.8,0.3,0.04,0.21,0,58,240,59,30,8,0.4,0.1,-99,0.05,0.05,0.8,0.11,0,23,3,0,0
0.73,37,0.8,8.6,2.3,0,0,0,0,3,200,41,28,15,0.49,1.2,-99,0.08,0.04,0.3,0.06,0,50,49,0,0.21
1.0,447,2,2,0,48.2,30,15.22,140,27,79,50,60,4,0.2,0.2,-99,0.02,0.08,0.4,0.03,0.1,1,500,0.3,0.05
1.0,328.88,2,10.1,0,31.4,17.92,8.7,100,35,92,80,57,5,0.3,-99,0.01,0.01,0.1,0.51,0.02,0,0,420,0.2,0.7
1.0,340,2,3.4,-99,35.5,-99,0,-99,-99,-99,75,50,6.5,0.52,-99,-99,0.02,0.1,0.68,0.02,0.18,0.3,310,0.6,1
1.0,340,2,3.4,-99,35.5,-99,0,-99,-99,-99,75,50,6.5,0.52,-99,-99,0.02,0.1,0.04,0.02,0.1,0.05,310,0.6,1
1.0,116,3.8,16.8,0,4.2,2.51,1.44,16,76,170,140,99,14,0.1,0.4,-99,0.05,0.21,1,-99,0.26,-99,42,0.05,-99
0.44,125,20,0,0,5.1,0.69,3.31,101,371,271,31,160,48,1.3,3.8,-99,0.1,0.15,6.3,0.3,0,0,0,0,2.3
1.0,451,6.1,71.4,1,15.6,12.16,3.44,-99,41,-99,-99,-99,-99,-99,-99,-99,-99,-99,-99,-99,-99,-99,-99,-99,-99
0.62,46,0.4,10.6,10.2,0.5,0,0,0,8,250,30,28,11,0.4,0.2,-99,0.03,0.06,0.4,-99,0,2,27,0,-99
1.0,553.6,5.1,57.7,-99,33.6,-99,0,-99,-99,-99,-99,-99,-99,-99,-99,-99,-99,-99,-99,-99,-99,-99,-99,-99,-99
1.0,484,9.3,60,2,23,8.4,14.6,1,3,316,32,156,50.58,1.82,1.03,-99,0.28,0.08,1.96,1.55,0.01,0.03,-99,0,7.2
1.0,370,1.5,90,-99,0.4,-99,0,0,31,45,5,27,3.63,0.6,0.03,-99,6.01,0.01,0.19,0.03,0,3.22,0.42,-99,0.01
1.0,203,11,17.3,0.2,10.4,1.3,0,-99,814,227,48,202,8.4,0.4,0.1,-99,0.11,0.11,0.3,0.02,0,0,0,0,3.9
1.0,602,14,4,5.2,59,6.8,51.3,0,3,903,183,304,358,5,0.9,-99,0.3,0.12,1,0.87,0,2.6,8,0,6.2
0.15,71,10.2,4.7,0,1.4,0.28,0.6,50,510,260,130,171,44,6.5,52,-99,0.15,0.25,3.8,0.03,16.5,-99,88,-99,0.9
1.0,114.02,3.55,25.13,2.03,0.62,0.28,0.33,-99,429,214,20,204,23.2,0.73,0.19,-99,0.18,0.15,-99,0.13,21.3,2.8,18,-99,0.47
1.0,146,18,-99,-99,8.25,3.2,6.45,63,-99,-99,-99,-99,-99,-99,-99,-99,-99,-99,-99,-99,-99,-99,-99,-99,-99
0.8,240,18,0,0,18.7,8.92,7.79,78,52,310,8,160,22,1.7,2.8,-99,0.14,0.25,9.4,0.2,2,0,11,0.4,0.1
1.0,182.43,5,21.95,3.16,8.96,1.03,7.92,-99,529,314,40,193,24.3,1.24,0.21,-99,0.1,0.14,-99,0.04,7.43,0,4.8,-99,3.09
1.0,389,11,75,-99,5,-99,0,-99,1800,124,147,-99,-99,0.7,-99,-99,0.01,0.04,0.7,-99,-99,-99,-99,-99,-99
0.6,125,20,0,0,5,0.7,1.1,0,110,430,25,250,28,0.7,0.5,-99,0.05,0.08,9,-99,10,0,36,16,-99
1.0,519.9,8.4,57.2,2.2,30.2,-99,0,0,4,230,10,205,81,1.9,-99,-99,0.25,0.11,2.1,0.2,0,0,-99,0,11
1.0,368,13,68,10,5,-99,0,-99,3,240,11,281,-99,1.7,-99,-99,0.3,0.12,1.2,-99,-99,0,-99,-99,2.9
1.0,196.53,8,40.7,0,1.5,-99,0,-99,23,165,43,147,68,3.15,-99,0,0.09,0.11,0,0,-99,-99,0,-99,-99
1.0,185.13,6.4,39,-99,1.1,-99,0,-99,2,61,4,93,9.7,0.3,-99,-99,0.15,0.06,-99,-99,-99,-99,-99,-99,-99
1.0,222,7.5,43,5.4,1.4,-99,0,-99,552,169,29,140,35,2.4,-99,0.01,0.18,0.12,0.9,0.2,-99,0,0,-99,-99
1.0,206,7.5,41,7,1.4,-99,0,-99,527,291,43,220,70,3,-99,0.1,0.18,0.15,0.6,0.3,-99,7,80,-99,0.3
1.0,225,7,46,4.7,1.4,-99,0,-99,537,185,23,183,40,2.3,-99,0.07,0.18,0.08,1,0.12,-99,-99,0,-99,-99
1.0,280,8,52,3.2,4.5,1,3.4,0,194,79,23,78,34,2.3,1.9,-99,0.25,0.15,-99,0.1,0.24,0,3.5,-99,0.21
1.0,228,9,44,6,3,0.7,2.2,0,0.5,0,0,0,0,0,0,0,0,0,0,0,0,0,0,0,0
1.0,238,7.5,58,2.2,1.8,0.2,0.46,0,540,100,19,90,26,1.7,0.6,0.08,0.12,0.05,1.7,0.04,0,0,0,0,0
1.0,380,10,76,3,4,-99,0,-99,265,160,40,120,16,1.5,-99,-99,-99,-99,1.5,0.08,-99,-99,-99,-99,-99
1.0,231.93,8.54,48.9,8.5,1.6,0.31,0.94,0,700,225,58,195,81,2,3.5,0.1,0.34,0.1,3.4,0.21,0,0,0,0,1
1.0,232,7.5,47,4,1.5,-99,0,-99,553,177,17,110,75,1.7,-99,0.07,0.14,0.07,1.2,0.09,-99,-99,0,-99,-99
1.0,262,9.3,52,1.5,3.3,-99,0,-99,540,120,110,110,31,2.4,0.8,-99,0.27,0.08,3.5,0.08,0,0,0,0,-99
1.0,252,10.8,48.9,8.7,2.9,0.6,1.5,0,640,270,63,230,89,3.2,2.1,-99,0.34,0.1,6.9,0.14,0,0,0,0,0.2
1.0,220.35,8.7,47.8,0,0.7,0,0,0,8,143,12,89,61,1.78,0,0,0.24,0.1,0,0.11,0,0,0,0,0
0.88,482,12.6,0,0,48,18.85,35.6,46,38,87,6,70,13,0.9,1.5,-99,0.32,0.12,4.2,0.27,0,0,0,0,0.08
1.0,258,8,53,3,1.5,-99,0,-99,553,115,25,110,30,1.2,-99,-99,0.1,0.03,1,0.04,-99,-99,0,-99,-99
1.0,269.72,9,31,2.84,13.23,6.87,6.34,-99,747,224,103,74,20.1,1.9,1.3,-99,0.32,0.29,-99,0.07,5.32,0,319,-99,1.37
1.0,373,13,82,0,1.5,0.2,0.8,0,5,160,22,-99,57,1.4,1,-99,0.14,0.09,3.4,0.06,0,0,0,0,0
1.0,391,12,72,4.1,8.2,2.3,4.4,30,180,260,28,200,43,1.5,1.23,-99,0.26,0.1,4.7,0.1,0,0,37,0.3,-99
1.0,328.93,8.8,58.3,1.2,8.4,-99,1.29,20,300,240,98,110,32,2.9,0.8,-99,0.2,0.17,3.8,0.06,0,0,190,1,0
1.0,457,5.7,82,2.5,15.1,6.53,6.97,130,626,117,82,87,35.5,4,2,-99,0.1,0.03,0.04,0.07,0,0,102,0,-99
1.0,22,1.3,3.3,11.6,0.4,-99,0,0,8,469,51,73,22,0.6,-99,0.01,0.08,0.13,0.9,0.1,-99,18,4,-99,1
0.9,72.27,2.5,16.1,1.8,0.21,0.05,0.12,0,10,570,7.2,50,19.9,0.6,0.3,0.1,0.1,0.04,1.5,0.25,0,18,0,0,0.06
1.0,121,3,25,2,1,-99,0,-99,-99,785,24,78,-99,1.6,-99,-99,-99,-99,-99,-99,-99,25,-99,-99,-99
1.0,539,5.5,40.5,6,39.4,-99,0,-99,450,1000,52,147,64,2.3,-99,-99,0.02,0.01,3.4,-99,-99,8,0,-99,-99
1.0,453,6.8,66.8,1,19.5,2.55,15.96,-99,720,1160,25,112,86,1.9,0.6,-99,0.18,0.1,3.8,0.18,0,6,-99,-99,0.1
1.0,70,2,15.4,2.5,-99,-99,0,-99,3,400,12,45,-99,0.8,-99,-99,0.1,0.05,1,-99,-99,14,2,-99,-99
1.0,318,9,73.2,16.5,0.8,0.15,0.49,0,1190,1550,89,-99,69,2.4,1.1,-99,0.04,0.14,7.8,0.18,0,12,0,0,0.1
1.0,337,7,75,20,0.9,-99,0,-99,13,2100,25,103,-99,3.7,-99,0.04,0.25,0.15,9.6,0.4,-99,26,63,-99,0.4
1.0,547.3,6.7,50,2,37,15.87,20.4,0,800,410,30,152,25,1.9,0.3,-99,0.18,0.11,1.5,0.18,0,6,0,0,6.1
1.0,68.65,10,2.6,0,2.1,6.3,13.05,101,740,170,23,220,12,5.5,2.3,-99,0.18,0.85,7.1,0.35,12,0,830,0.3,0.5
0.89,215,22,0.5,0,14,3.96,8.64,75,80,292,11,187,15,2.1,2.7,-99,0.1,0.3,6,0.34,3,3,24,-99,0.3
1.0,107,21,0,0,2.2,0.7,1.3,61,54,300,8,-99,23,0.8,1.7,-99,0.09,0.16,13,0.46,2,0,0,0,0
1.0,381,12,-99,-99,37,-99,0,-99,93,294,9,155,-99,2.3,-99,-99,0.14,0.19,4.5,-99,-99,0,0,-99,-99
0.89,96.11,21.8,0,0,1,0.99,0.38,60,46,333,0,-99,20,1,1.8,-99,0.08,0.08,11.33,0.46,0,-99,-99,-99,0.9
1.0,134.6,21.3,0,0,5.5,1.8,2.9,72,66,264,22.8,212,22.4,1.51,1.4,0,0.1,0.12,8.7,0.35,11,0,0.34,0,0.27
1.0,17,1,2.9,0.4,0.2,-99,0,-99,960,-99,30,30,-99,1.6,-99,-99,0.03,0.02,-99,-99,-99,2,-99,-99,-99
0.77,13,0.7,1.9,0.5,0.2,0.07,0.1,0,13,140,17,23,9,0.3,0.2,0.02,0.03,0.03,0.5,0.04,0,10,2,0,0.1
0.88,41,0.4,10.6,2.3,0.1,0,0,0,2,130,12,17,7,0.2,0.14,-99,0.02,0.03,0.2,0.02,0,5.2,2,0,0.89
1.0,81,18.4,0.06,-99,0.8,0.11,0.14,72,47,330,20,198,20,1,-99,-99,0.08,0.12,1.7,-99,-99,-99,7,-99,-99
1.0,66.4,15.7,0,0,0.45,0.01,0.02,14,18,330,8,-99,21,0.3,0.5,-99,0.3,0.6,-99,-99,-99,0,-99,0,0
0.7,106,23,0,0,1.6,-99,0,-99,40,175,46,-99,36,7.7,-99,-99,-99,-99,6.9,-99,-99,0,0,0,-99
1.0,33.83,3,2.7,4.3,1.3,-99,0,0,33,760,200,64,23,8,0.7,0.1,0.23,0.3,1.4,0.09,0,190,1200,-99,1.7
0.75,67,15.1,0.8,0,0.8,0.09,0.46,56,83,250,48,-99,27.3,0.8,0.7,-99,0.09,0.07,7.1,0.22,1,0,0,0,0.5
0.94,110,17,1,0,4.3,1.04,2.18,39,102,342,19,506,57,0.9,0.4,-99,0.05,0.05,9,0.51,5,0,500,0,-99
1.0,171,18,0,0,11,3.4,7.3,67,80,370,8,230,22,1.5,2.5,-99,0.89,0.2,8.7,0.45,3,0,0.1,0.01,0
0.84,186.7,19,0,0,12.3,5.9,5.4,78,58,380,7,190,23,1.4,2.8,-99,0.16,0.22,5.2,0.29,1,0,9,0.7,0.05
0.84,148,21,-99,-99,7.1,-99,0,120,80,357,13,195,20,2.6,-99,-99,0.09,0.17,4.5,-99,-99,-99,10,-99,-99
1.0,70.9,10.4,-99,-99,2.1,-99,0,-99,5,73,270,180,90,14.3,1.1,-99,0.02,0.13,0.2,-99,0,0,0,0,0
1.0,73.3,10.9,-99,-99,3.3,-99,0,-99,44,1260,430,170,190,11.2,1.4,-99,0.11,0.24,1.1,-99,0,0,19,0,-99
0.81,19,0.9,3.7,1.2,0.2,0.04,0.12,0,2,210,12,26,11,0.5,0.2,-99,0.07,0.05,0.9,0.27,0,131,100,0,3.1
0.8,19,1,3.1,1.5,0.3,-99,0,0,1,149,9,20,11,0.5,-99,-99,0.05,0.04,0.4,0.2,-99,105,100,-99,0.5
0.57,46,0.5,11.5,1.2,0.1,0,0,0,3,250,12,11,14,0.35,0.2,-99,0.07,0.02,0.3,0.09,0,20,3,0,0.1
1.0,80,0.3,21,0.9,0,-99,0,0,1,94,17,5,8,0.5,0.1,-99,0.06,0.02,0.3,0.07,0,8,6.6,0,0.08
1.0,688,14,4,1.9,68,4.6,430.9,0,2,6,82,710,3.23,8.4,9.8,-99,0.73,0.19,3.8,0.02,0,0,1.6,0,13.65
1.0,535,27,20,2.7,43,4.51,33.18,-99,4,612,121,651,309,8.1,6.3,-99,1.9,0.2,4.5,-99,0,-99,3,-99,49
1.0,269,12,28,1.1,15.9,7.4,0,-99,481,131,173,143,22.1,1.1,1.1,-99,8.05,0.14,1.1,0.06,0.4,3,256,0,2.5
1.0,209.93,9,25.5,1.2,8.7,3.2,0,-99,657,147,82,93,18,1.2,0.7,-99,0.13,0.08,1.9,0.04,0.19,6,368,0,1.4
1.0,214.68,8,27,1.1,9,3.8,0,-99,653,165,95,88,19.4,1.1,0.8,-99,0.14,0.1,1.1,0.05,0.26,7,426,0,1.4
1.0,187,7,24.8,1.3,7.2,2.7,0,-99,591,186,76,85,17.8,1.1,0.6,-99,0.13,0.11,1.4,0.05,0.17,7,371,-99,1.34
0.66,85,1.2,20.8,2.4,0.3,0.11,0.1,0,1,350,7,28,36,0.6,0.2,-99,0.06,0.07,0.9,0.37,0,11.5,18,0,0.2
1.0,79.4,16.7,0,0,1.4,0.18,0.63,42,120,280,45,180,22,0.39,0.5,-99,0.21,0.19,6.3,0.22,1,2,0,0,-99
1.0,438.15,2.6,55.84,4.69,24.3,11.22,12.96,-99,743,124,0,124,21.2,4.2,2.9,-99,0.03,0.14,0,0.01,5.43,0,32.2,-99,1.46
0.7,167,20,0,0,9.7,3.22,5.82,110,64,248,13,-99,22,1.1,1,-99,0.1,0.15,10.4,0.3,0,0,0,0,-99
1.0,133,20.6,-99,-99,5.6,-99,0,81,83,359,12,200,37,1.8,-99,0.03,0.08,0.16,6.8,0.5,-99,3,10,-99,0.1
1.0,311,2.25,36.1,-99,18.5,2.2,15.95,-99,-99,-99,-99,-99,-99,-99,-99,-99,-99,-99,-99,-99,-99,-99,-99,-99,-99
1.0,74.25,2.6,9.58,3.55,3.08,1.27,1.82,-99,803,994,98,401,164.2,4.9,0.81,-99,2.6,0.14,-99,0.17,14.17,0,30,-99,0.29
0.65,39.73,2,7,3,0.4,-99,0,0,26,260,60,50,18,1,0.23,0.04,0.04,0.04,0.4,0.25,0,19,8,0,0.7
1.0,95,18.45,0.2,-99,2.3,-99,0,-99,205,292,17,66,-99,6.4,-99,-99,0.11,0.47,4.7,-99,-99,31,27,-99,-99
1.0,99,18,-99,-99,2.9,-99,0,350,198,228,13,224,-99,7.5,-99,-99,0.09,0.34,4.3,0.07,-99,39,55,-99,0.5
0.79,57,10.6,1.5,0,1,-99,0,-99,-99,273,144,143,-99,1.7,-99,-99,0.08,0.04,3.5,-99,-99,0,70,-99,-99
1.0,335.95,8,78.65,9.26,0.93,0.74,0.18,-99,342,114,43,84,50.2,13,1.04,-99,0.34,0,-99,0.69,0.43,21.5,0,-99,0.07
1.0,270,14,-99,0,23.6,-99,0,80,1260,65,547,944,-99,1,-99,-99,0.03,0.38,0.2,0.07,-99,0,300,-99,-99
1.0,78,13.3,3.3,0,1.4,1.4,0.9,5,380,89,73,160,9,0.1,0.6,-99,0.03,0.26,3.2,0.1,0.7,1,18,0.1,0.03
1.0,329,21,0,0,27.5,17.3,8.8,80,717,160,117,220,27,0.8,2.2,-99,0.06,0.5,4.96,0.23,1.7,0,390,0.2,0.5
0.95,389,21,2,0,33,19.7,11.4,90,900,100,700,-99,20,0.7,-99,-99,0.03,0.6,6.3,0.08,1.2,0,300,0.2,0.8
0.83,297.5,20,0.4,0,24,14.84,7.1,92,1030,110,250,225,19,0.6,3,-99,0.04,0.52,5.9,0.2,1.2,0,453,0.17,0.45
1.0,413,26,0,0,34.4,21.7,10.8,110,700,100,740,470,28,0.4,2.3,-99,0.04,0.5,6.1,0.08,1.5,0,412,0.26,0.8
0.95,349,29,2,0,25,14.9,8.65,85,980,160,760,520,28,0.5,4,-99,0.03,0.3,5.9,0.08,1.72,0,305,0.2,0.65
1.0,203.48,15,2.5,0,14.9,8.8,5.19,15,1200,200,186,600,24,0.3,2,-99,0.02,0.17,1.2,0.08,0.6,0,261,0,0.56
1.0,354,25,-99,0,28.3,-99,0,95,654,67,678,403,40,0.6,-99,-99,0.06,0.35,0.1,0.06,-99,0,220,-99,0.4
1.0,380,28,0.2,0,29.7,18.4,10.5,100,450,110,1080,700,50,0.8,4,-99,0.05,0.34,6,0.08,2,0,265,1.1,0.35
1.0,435,3,-99,0,47,28,16.29,94,300,160,98,500,10,0.1,0.5,-99,0.02,0.14,0.8,0.01,0.3,0,495,0.3,1
1.0,102,12,0.4,0,4.3,-99,0,-99,230,88,95,150,-99,0.3,-99,-99,0.03,0.25,0.1,-99,-99,-99,-99,-99,-99
0.95,351,23,2,0,28,16.7,9.68,85,640,115,560,-99,25,0.5,2,-99,0.03,0.2,4.7,0.08,0.8,1,420,0.2,0.08
1.0,365,26,-99,0,29.2,-99,0,114,869,76,820,443,28,0.5,-99,-99,0.03,0.2,0.1,0.08,-99,1,260,-99,0.5
1.0,401,29,1.5,0,31,18.5,10.72,100,640,110,850,600,50,1,4,-99,0.02,0.35,6,0.08,1.5,0,159,0.3,0.8
0.95,467,35.77,0.5,0,35.8,18.7,14,88,1200,400,848,700,50,0.9,4,-99,0.04,0.33,8.2,0.2,1.5,0,360,0.28,0.62
0.95,332,26,0,0,25.4,13.68,7.98,70,600,115,470,400,28,0.6,3,-99,0.02,0.3,5.2,0.2,1.4,0,218,0.18,0.6
0.95,383,29,0.5,0,30.7,18.9,10,74,800,200,765,550,36,0.8,3.5,-99,0.03,0.3,6.7,0.2,1.5,0,234,0.19,0.61
1.0,420,40,0,0,28.9,17.2,9.6,100,925,110,1275,810,46,0.7,4,-99,0.02,0.62,9,0.1,1.5,0,419,0.46,0.9
1.0,370,18,-99,0,33,20.7,9.7,100,1600,120,670,431,25,0.5,1.6,-99,0.04,0.06,5.3,0.12,0.6,0,309,0,0.77
1.0,329,11,-99,0,31.5,-99,0,103,375,95,79,137,7,-99,-99,-99,0.05,0.23,0.1,0.06,-99,0,325,-99,0.7
1.0,491,17.5,1.9,0,46,-99,0,0,300,100,0,0,0,0,-99,-99,0.04,0.28,0,0,-99,0,0,-99,0
0.6,14,1,2.7,1,0.2,-99,0,0,59,240,34,28,11,1.3,0.1,0.1,0.04,0.02,0.4,0.1,0,20,0,0,0.01
0.54,85,17,1.3,0,2,0.51,1.19,50,89,274,64,180,23,1,0.5,-99,0.08,0.1,2.09,-99,1,1,0,0,-99
0.55,79,17,0.8,0,0.9,0.2,0.6,44,161,274,26,155,24,1,0.5,-99,0.06,0.15,5.2,0.37,6,0,3,0,-99
1.0,39,0,10.5,0,0,0,0,0,10,0,4,10,1,0,0,0,0,0,0,0,0,0,0,0,0
0.82,16,1,3.4,3,0.2,-99,0,-99,58,240,50,28,7,0.4,-99,-99,0.04,0.05,0.6,0.08,-99,25,0,-99,0
1.0,15,0.7,2.3,2,0.3,-99,0,-99,28,160,45,19,7,0.4,-99,-99,0.03,0.04,0.4,-99,-99,17,0,-99,0
0.82,41,1.6,8.5,2.5,0.1,-99,0,0,62,335,23,45,25,0.8,0.4,0.02,0.03,0.05,0.2,0.05,0,10,2,0,0.04
1.0,25,1.1,5,2,0.1,-99,0,0,48,208,22,36,20,0.5,-99,0.01,0.03,0.03,0.1,0.04,-99,6,2,-99,-99
1.0,97,14,1.4,0,4,2.39,1.38,19,415,72,60,150,7.5,0.1,0.5,-99,0.02,0.23,3.3,0.08,0.6,0,38,0.2,0.08
1.0,87,16,0.9,0,2.6,2.1,2.24,140,180,160,10,150,15,5.7,1.9,-99,0.3,2,7.8,0.3,55,11,300,0,0.5
1.0,128,16.8,0.9,0,6.4,0,0,379,205,290,10,260,18,11.5,1.9,0.02,0.37,2.5,6.5,0.5,54,13,210,0,0
0.55,102,16,1.3,0,3.6,0.7,1.2,60,114,280,22,159,20,1,0.5,-99,0.06,0.14,5.5,0.15,0.8,0,14,0,-99
1.0,150,8,25.3,-99,1.3,-99,0,-99,-99,-99,-99,-99,-99,-99,-99,-99,-99,-99,-99,-99,-99,-99,-99,-99,-99
1.0,244,0,0.4,0,0,0,0,0,1,2,0,5,3,0.1,-99,0,0.01,0,0,0,0,0,0,0,0
0.7,11,0.6,1.9,3.2,0.1,-99,0,0,2,270,52,24,13,0.5,-99,0.04,0.02,0.03,0.2,0.04,-99,10,12,-99,0.2
1.0,7,0.5,1,2,0.1,-99,0,0,1,182,48,18,10,0.4,-99,0.03,0.01,0.02,0.1,0.03,-99,6,10,-99,0.2
1.0,458,19,1.8,0,42,14.75,20.43,80,1800,240,17,208,12,2.2,-99,-99,0.29,0.2,3.3,0.25,1.5,0,0.01,0.07,0.4
1.0,314,14,-99,-99,28.6,-99,0,150,738,173,10,191,15,6.4,-99,-99,0.03,0.6,3.3,-99,-99,2,950,-99,0.4
1.0,420,12,-99,-99,41.2,-99,0,85,810,143,41,154,-99,5.3,-99,-99,0.2,0.92,3.6,-99,-99,-99,1500,-99,0.7
1.0,108,16,-99,-99,4.8,-99,0,85,-99,-99,-99,-99,-99,-99,-99,-99,-99,-99,-99,-99,-99,-99,-99,-99,-99
1.0,320,12,-99,-99,30.4,-99,0,85,599,299,4,-99,15,2,-99,-99,0.05,0.15,2.4,-99,-99,-99,-99,-99,-99
1.0,342,12,-99,-99,32.7,-99,0,85,640,285,-99,-99,-99,-99,-99,-99,-99,0.12,2.3,-99,-99,-99,-99,-99,-99
1.0,297,13,-99,-99,27.1,-99,0,85,829,199,14,129,13,1.7,-99,-99,0.2,0.25,2.5,-99,-99,-99,-99,-99,-99
1.0,228,13,-99,-99,19.6,-99,0,100,711,165,10,185,9,2.7,-99,-99,0.03,0.08,3,-99,-99,-99,-99,-99,0.2
1.0,295,12.9,0,0,27,10.4,13.84,72,1060,207,13,150,13,2.2,1.2,-99,0.18,0.09,3.3,0.07,0,0,0,0,0.23
1.0,235,12,3,0,19.5,7.54,9.97,65,778,180,13,133,9,1.8,1.4,-99,0.2,0.2,3,0.03,1,0,0,0,0.3
1.0,286,14,1.3,0,25,8.8,14.9,75,-99,-99,-99,-99,-99,-99,-99,-99,-99,-99,-99,-99,-99,-99,-99,-99,-99
0.97,367,22.5,4.5,0,29,10.5,18.97,67,1060,207,15,116,10,2.4,1.7,-99,0.2,0.21,4.3,0.15,2.6,0,0,0,0.3
0.79,182,20.2,0,0,12,1.98,7.59,50,45,361,27,250,26,0.7,0.8,-99,0.2,0.15,7.2,0.75,4,0,13,8,1.91
0.9,153,20,0,0,8,1.36,6.85,90,1200,310,66,285,30,1.3,0.8,-99,0.03,0.16,7.1,0.47,4.1,0.1,15,20,1.3
0.74,98.7,14.1,0,0,3.7,1.07,1.32,49,80,225,30,260,25,0.7,0.5,-99,0.05,0.07,1.9,-99,-99,0,0,0,-99
1.0,91.19,5.6,3.36,-99,6.23,1.63,4.6,-99,1243,117,47,77,49.5,9.9,1.32,-99,0.14,0.08,-99,0.12,1.03,1.4,44,-99,1.57
1.0,73.91,2,6.45,-99,4.68,0.47,4.21,-99,773,214,33,67,29.4,18.4,1.54,-99,0.09,-99,-99,0.1,0.63,1.9,57,-99,3.09
1.0,14,1.4,1.1,8,0.4,-99,0,0,5,320,58,76,23,3.3,10,-99,0.15,0.03,0.3,-99,-99,4,3,-99,6
1.0,15,1.3,1.5,8,0.4,-99,0,0,3,260,52,64,18,2.8,-99,-99,0.08,0.02,0.2,-99,-99,2,-99,-99,5
1.0,176,18,16.3,47.5,4.3,-99,0,-99,-99,-99,-99,-99,-99,-99,-99,-99,-99,-99,-99,-99,-99,0,-99,-99,-99
1.0,149,16,10,5.3,5,-99,0,-99,2,1,43,1240,590,3.6,-99,0.1,0.65,0.51,17.7,2.5,-99,0,0,-99,2.7
1.0,230,4,25.16,4.52,13.34,2.7,10.64,-99,493,214,31,187,20.8,0.97,0.29,-99,0.42,0.17,-99,0.11,13.41,0,11,-99,0.67
0.52,20,0.4,4.5,0.3,0.2,0,0,0,8,120,7,6,11,0.3,0.1,-99,0.03,0.02,0.1,0.07,0,5,18,0,0.1
1.0,81,18,0,0,1,-99,0.92,-99,-99,-99,8,-99,10,52,-99,-99,-99,0.15,-99,-99,-99,2,-99,-99,-99
1.0,75.26,18.53,0.06,0,0.11,-99,0,40,207,185,5,49,20,6.6,-99,-99,0.09,0.03,0.55,-99,-99,0,30,-99,-99
0.68,153,17.1,1.3,0,9.4,2.64,5.7,80,100,24,50,258,25.1,2.71,0.89,-99,0.05,0.38,6.4,0.96,28,0,64,8,1.6
1.0,208,22.2,2.7,0,13.2,2.44,9.28,100,650,430,400,330,52,3.2,3,-99,0.03,0.28,8.2,0.48,28,0,50,7,0.3
1.0,131,15,0.8,0,7.5,2.64,4.08,100,760,260,30,434,26,0.9,0.4,0,0.11,0.34,5.9,-99,26,-99,58,7,-99
1.0,259.88,17,0.5,0.01,21.2,3.18,18,85,570,376,390,370,43,3.1,-99,-99,0.03,0.23,4.3,0.21,10.3,0.5,18,9.8,1.4
0.54,103,15,1,0,4.4,-99,0,-99,-99,-99,30,-99,30,1,0.5,-99,0.06,0.08,6,-99,-99,0,-99,0,-99
1.0,361,14,63.4,3.6,5.8,-99,0,-99,6,300,67,349,71,3.9,-99,0.03,0.52,0.12,-99,0.15,-99,0,-99,-99,-99
1.0,338,8.5,73,-99,1.5,-99,0,-99,3,160,16,189,20,2,-99,0.08,0.2,0.08,3.1,0.2,-99,0,0,-99,0.2
1.0,339,8.8,73.5,-99,1.1,-99,0,-99,1,80,4,73,20,1,-99,-99,0.15,0.05,0.5,-99,-99,0,120,-99,0.7
1.0,324,10.8,68,5,1.2,0.16,0.67,-99,1,112,17,87,32,1,-99,0.06,0.12,0.04,1.3,0.09,0,0,0,0,0.8
1.0,125.6,11.6,0.4,0,8.8,2,2.67,2200,210,190,12,320,13,2.8,1.2,-99,0.14,0.22,2.1,0.1,9,17,0,0,1.2
1.0,122,10.4,0,0,8.6,1.86,2.51,2200,140,270,12,350,13,2.8,1.2,-99,0.2,0.25,4,0.29,9,19,0,0,1.2
1.0,113,10,0.5,0,7.6,0,0,2000,158,279,12,350,15,2.5,1.2,-99,0.16,0.26,3.6,0.16,9,19,0,0,1.2
1.0,37,2,6,2,0.7,-99,0,-99,-99,440,7,-99,12,0.9,-99,-99,-99,-99,-99,-99,-99,5,-99,-99,-99
1.0,25,2,3.7,2,0.4,-99,0,-99,-99,190,25,-99,6,1.3,-99,-99,-99,-99,-99,-99,-99,8,-99,-99,-99
0.8,20.03,1.8,0.54,1.9,1.2,0.2,0.77,0,10,470,11,120,12.2,1,0.46,0.03,0.1,0.31,3.5,0.1,0,4,0,0,0.13
1.0,12,2,0.3,2,0.3,-99,0,-99,360,162,19,69,15,0.7,-99,-99,0.02,0.22,1.6,0.06,-99,2,-99,-99,-99
1.0,27,2,3.2,3,0.7,-99,0,-99,6,310,6,74,8,1.3,-99,-99,0.1,0.06,-99,-99,-99,6,-99,-99,-99
1.0,23,1.5,3,2,0.5,-99,0,-99,3,507,8,44,14,6.5,-99,0.05,0.02,0.23,6.5,-99,-99,6,-99,-99,0.1
1.0,33,1.4,5.3,2,0.7,-99,0,-99,165,155,5,33,6,1,-99,-99,-99,-99,-99,-99,-99,3,-99,-99,-99
1.0,261,16,43.9,18,2.2,-99,0,-99,32,5370,85,581,-99,17.2,-99,-99,-99,-99,-99,-99,-99,2,-99,-99,-99
1.0,42,0,4,0,0,0,0,0,10,70,6,6,3,0.3,0,0,0.01,0.01,0.01,0.01,0,0,0,0,0.01
1.0,369,8.8,56.3,-99,19.1,7.64,10.51,225,-99,-99,-99,-99,-99,-99,-99,-99,-99,-99,-99,-99,-99,-99,-99,-99,-99
1.0,653,10.5,0.6,0,67.5,23.8,43.7,91,-99,-99,-99,-99,-99,-99,-99,-99,-99,-99,-99,-99,-99,-99,-99,-99,-99
1.0,136.63,13.7,10.3,-99,4.8,-99,0,-99,-99,-99,99,272,-99,2.8,-99,-99,600,310,-99,-99,-99,999.99,1.08,-99,-99
1.0,26,4,-99,-99,0.5,-99,0,0,-99,157,32,12,15,0.6,-99,-99,0.18,0.15,2.7,-99,-99,16,-99,-99,-99
1.0,370,35.9,15.8,15.7,19,2.17,11.34,0,4,1750,260,660,250,8.6,4.3,0.36,0.61,0.3,7.9,0.38,0,0,2,0,2.9
0.79,104.3,18.2,0,0,3.5,1.7,1,140,88,290,5,210,22,5,1.8,-99,0.45,0.8,6.3,0.23,13,7,1,-99,0.45
1.0,94,19,-99,0,2,0.9,1.8,54,76,370,9,-99,23.2,1.3,2.3,-99,0.83,0.2,8.6,0.47,3.1,0,0,0,0
1.0,112,20.3,-99,-99,3.4,-99,0,70,94,289,12,162,19,1.8,-99,0.02,0.18,0.25,5.8,-99,-99,0,0,-99,0.4
1.0,116,19.3,0,0,2.5,1.1,1.22,70,90,160,9,206,19.6,2.6,3.1,-99,0.1,0.24,6.8,0.35,2,0,1,0.01,0.01
1.0,95,20.6,-99,-99,1.4,-99,0,90,95,348,12,200,19,2,3,0.02,0.15,0.3,6.5,0.35,2,1,-99,-99,-99
1.0,323,11,64.1,-99,4.34,1.98,2.41,-99,613,319,27,194,34.2,2.1,1.8,-99,-99,-99,-99,0.13,2.3,0,12,-99,0.27
1.0,309.9,14,60,-99,3.2,0.82,2.4,-99,529,204,22,183,33.2,2.3,1.73,-99,-99,-99,-99,0.17,1.43,0,7,-99,0.05
1.0,319.29,13,58.36,-99,5.44,2.59,2.84,-99,414,409,25,218,35.4,1.87,1.65,-99,-99,-99,0,0.15,0.94,0,15,-99,0.16
1.0,326.18,11,61.88,-99,5.49,2.39,3.1,-99,319,207,24,93,32.3,2.21,1.13,-99,-99,-99,-99,0.28,2.4,0,35,-99,0.17
1.0,80,-99,20,-99,-99,-99,0,-99,-99,-99,-99,-99,-99,-99,-99,-99,-99,-99,-99,-99,-99,-99,-99,-99,-99
1.0,345,12,68.2,0,2.9,-99,0,-99,653,1873,987,624,15,1.5,-99,0.15,0.49,2.5,0.8,0.6,-99,5,15,-99,0.1
1.0,24,0.8,4.7,0,0.2,-99,0,-99,45,129,68,43,1,0.1,-99,0.01,0.04,0.15,0.2,0.04,-99,1,0,-99,-99
1.0,133.79,4,14.46,4.02,7.25,3.5,3.74,-99,616,122,214,132,39,1.3,0.18,-99,0.16,0.2,-99,0.03,12.09,0,72,-99,0.34
1.0,358,0.5,94.3,0.4,0.2,-99,0,0,4,20,11,20,3,1,-99,-99,0.01,0.01,0.01,0.01,0,0,0,0,0
1.0,360,5,58,-99,12,-99,0,-99,-99,-99,-99,-99,-99,-99,-99,-99,-99,-99,-99,-99,-99,-99,-99,-99,-99
1.0,417,8,43.2,2.1,23.8,-99,0,122,-99,-99,-99,-99,-99,-99,-99,-99,-99,-99,-99,-99,-99,-99,-99,-99,-99
1.0,408.55,5.45,25.4,0.4,32.42,-99,0,-99,310,110,65,95,9,0.9,0.6,-99,0.04,0.13,1.5,0.04,0,1,350,0.94,-99
1.0,2,0.1,0.4,0.01,0,-99,0,-99,0.3,19,0.3,10,1,0.2,-99,-99,0.14,1.2,7.5,0.31,-99,-99,-99,-99,-99
1.0,89.87,17.7,3.31,-99,0.74,-99,0,-99,80,245,31,156,18,0.8,-99,-99,0.08,0.18,4,-99,-99,1,1,-99,-99
1.0,393,4.72,55.9,-99,18.37,9.87,6.32,-99,-99,-99,-99,-99,-99,-99,-99,-99,-99,-99,-99,-99,-99,-99,-99,-99,-99
1.0,672.72,8.43,0,0,71,26.28,33.91,57,560,80,6,-99,5,0.7,0.4,-99,-99,-99,1.3,-99,0,0,0,0,0.03
1.0,277,15,-99,-99,24.4,-99,0,85,941,204,13,170,-99,2.4,-99,-99,0.1,0.12,3.1,-99,-99,-99,-99,-99,-99
1.0,621,9,-99,-99,65,-99,0,90,1770,225,9,108,15,0.8,-99,-99,0.43,0.14,2.3,0.35,-99,0,-99,-99,0.4
1.0,76,7,3,-99,4,-99,0,0,-99,-99,-99,34,-99,1.8,-99,-99,0.05,0.04,0.5,-99,-99,0,-99,-99,-99
0.94,18,1,3,1.5,0.3,-99,0.11,0,6,250,11,27,8.3,0.6,0.2,0.02,0.06,0.04,0.8,0.11,0,26,133,0,1.2
1.0,15,1.1,2.3,0.9,0.2,-99,0,0,29,270,10,22,11,0.6,0.3,-99,0.05,0.03,0.8,0.11,0,16,300,0,1.2
1.0,50,2.3,9,0.5,0.5,-99,0,-99,590,1160,60,34,-99,-99,-99,-99,0.09,0.06,1.5,-99,-99,9,0,-99,-99
1.0,76,1.32,9.76,3,3.9,0.4,3.48,0,997,1074,49,79,54.3,10.9,1.13,-99,0.11,0.07,0.8,0.14,0.43,6.7,32,0,3.73
1.0,356,7,84,4.5,1.5,1.5,1.45,0,0.1,420,44,140,147,7.9,4.1,0.09,1.2,1.3,15,1.7,0.8,50,1,4.2,1.6
0.52,90,15.7,0,0,3,0.43,1.83,56,58,250,26,242,28,1,0.8,0.03,0.08,0.1,5.1,-99,-99,0,14,0,-99
1.0,89.25,9,13,16,0.5,-99,0,-99,77,431,24,62,28,3.5,-99,-99,-99,-99,-99,-99,-99,-99,-99,-99,-99
1.0,29,2.4,4,13,0.4,-99,0,-99,-99,480,10,80,20,3.7,-99,-99,0.02,0.06,1.3,-99,-99,4,2,-99,-99
1.0,470,10,57.4,7.1,23.9,1.9,20.87,35,13,400,127,220,129,2.1,0.8,-99,0.12,0.33,2.6,0.06,0,-99,0,0,9.1
1.0,256,2.5,66.5,6.5,0.5,0,0,0,52,860,40,110,36,2.7,0.1,-99,0.1,0.08,0.5,0.3,0,0,5,0,-99
0.9,63,0.6,16.1,0.9,0,0,0,0,2,250,17,22,10,0.4,0.1,-99,0.04,0.02,0.3,0.1,0,4,3,0,0.7
0.9,66,0.6,15.5,0.4,0.7,0,0,0,2,320,4,16,4,0.3,0.3,-99,0.04,0.02,0.3,0.1,0,4,3,0,0.7
1.0,12,1.8,0.7,1.5,0.4,-99,0,-99,4,420,32,49,13,2,540,-99,0.07,0.08,0.4,0.25,-99,35,650,-99,0.6
1.0,188,7,21,2.68,8.85,1.22,7.62,-99,813,413,35,213,22.1,1.32,0.29,-99,0.12,0.13,-99,0.11,6.94,1.1,7,-99,1.01
1.0,15,1.5,1.5,2,0.3,-99,0,0,2,390,95,35,151,3.6,-99,-99,0.03,0.1,0.5,0.15,-99,22,0,-99,-99
1.0,132,0.1,10,0,0,0,0,0,20,40,6,-99,4,0.3,0.03,0,0,0,0.04,0,0,0,0,0,0
0.25,84,19,-99,0,0.9,0.23,0.32,40,270,480,120,195,38,2.4,1.3,-99,0.04,0.1,6.4,-99,1.4,0,0,-99,-99
1.0,360,-99,-99,0,40,6,34,0,20,0,0,0,0,0,-99,0,0,0,0,0,0,0.02,1600,10,20
1.0,65,0.1,2.5,0,0,0,0,0,1,90,10,7,5,-99,0,-99,-99,-99,-99,-99,-99,-99,-99,-99,-99
1.0,157,0.2,15,0,0,0,0,0,2,100,10,10,11,0.4,0,-99,0,0.01,0.06,0.01,0,0,0,0,0
1.0,158,0.2,14,0,0,0,0,0,4,75,8,9,4,1.61,0.06,-99,0.01,0.01,0.2,0.05,0,0,0,-99,-99
1.0,79,0.1,3,0,0,0,3,0,1,110,10,10,8,0.5,0,0.02,-99,-99,-99,-99,-99,-99,-99,-99,-99
1.0,78,0.1,1.1,0,0,0,0,0,10,100,9,20,8,0.7,0.1,0,0,0.01,0.1,0.02,0,0,0,0,-99
1.0,124,0.1,3,0,0,0,0,0,10,100,8,-99,10,0.4,0.27,0,0,0.01,0.1,0,0,0,0,0,-99
1.0,244,0,0,0.9,0.1,0,0,0,3,5,0,0,0,0,0.6,0,0.01,0.03,0,0,0,0,0,0,0.01
1.0,363,16,0.6,0,33,11.02,18.68,1480,65,116,140,550,18,8,4,0.03,0.4,0.45,0.04,0.18,4.9,0,550,6,3
1.0,668.38,31.7,2.1,0,59.6,18,29.7,2430,91,168,282,1112,28,13.9,6.15,0.06,0.5,0.66,8.77,0.58,7.08,0,1060,-99,3.9
1.0,61,3.73,3.66,0,3.5,2.28,0.95,20,55,240,157,140,14,0.05,0.6,0.02,0.58,0.21,1,0.04,0.01,0,40,0,0
1.0,110.23,1.4,3.9,-99,10,-99,0,-99,-99,-99,140,-99,-99,-99,-99,-99,-99,-99,-99,-99,-99,-99,-99,-99,-99
1.0,60.83,4.3,5.5,0,2.6,1.5,0.85,10,63,214,142,90,14.3,0.09,0.6,-99,0.05,0.18,1.5,0.04,-99,0.7,10,0.06,0.04
1.0,93.25,4,17,0,1.5,-99,0,4,65,240,176,140,13,0.1,0.6,-99,0.58,0.21,0.1,0.04,0,0.4,23,0.01,0.03
1.0,94,3.2,13.5,-99,3.1,-99,0,10,45,133,116,90,12,0.1,-99,0.01,0.03,0.15,0.1,0.04,0.17,2,18,0.05,0.1
1.0,43.83,4.8,5.5,-99,0.4,-99,0,0,65,139,165,140,0,-99,-99,0.01,0.03,0.2,0,0.04,0.2,0,0.6,0.08,0.01
1.0,64.85,3.5,4.2,0,3.9,-99,0,0,63,139,137,80,12,0,-99,0.02,0.03,0.18,0.1,0.05,0.2,1,27,0.08,0.01
1.0,44,4.5,6.3,0,0.32,0.11,0.15,1,64,211,140,116,14,0.1,0.44,-99,0.04,0.18,1.35,0.08,0.4,1.6,1,0.01,0.01
0.83,27,1.1,5.2,2.9,0.2,-99,0,0,77,255,33,36,13,2.1,0.3,0.04,0.05,0.04,0.8,0.15,0,6,1333,0,0.5
1.0,30,0.6,6.1,4,0.3,-99,0,0,61,140,24,22,-99,0.7,-99,0.02,0.02,0.02,0.3,0.02,-99,3,-99,-99,-99
1.0,30,0.9,6.1,3,0.2,-99,0,0,50,180,33,31,13,0.6,-99,-99,0.05,0.03,0.5,-99,-99,6,1100,-99,-99
1.0,48,0.3,12,-99,-99,-99,0,-99,4,201,19,38,11.4,0.43,0.25,-99,0.04,0,-99,0.55,0.78,0,0,-99,0.07
1.0,35,0.4,8.6,0.1,0.2,-99,0,0,1,138,10,11,7,0.14,0,-99,0.03,0.01,0.1,0.05,0,50,2,0,0.02
1.0,45.43,0.07,11.8,0.01,0.1,-99,0,0,2,116,7,7,4.2,0.26,0.12,0,0.02,0.02,0.1,0.04,0,1.4,0,0,0
1.0,61.42,1.07,14.9,0.75,0.14,0.02,0.11,0,8,241,6,25,12,0.77,0.22,-99,0.02,0.05,1.27,0.05,0,7,21,-99,-99
1.0,49,0.6,12,-99,-99,-99,0,-99,3,97,13,24,10.5,0.41,0.24,-99,0,0,-99,0.03,0.48,0,6,-99,1.17
1.0,41,0.6,10,-99,-99,-99,0,-99,8,63,24,28,9.7,0.34,0.29,-99,0.15,0,-99,0.04,0.13,29.5,2.63,-99,0.35
1.0,40.48,0.6,10,0.1,0.1,-99,0,0,1,166,15,19,10,0.2,0.17,-99,0.08,0.03,0.3,0.04,0,40,10,0,0.09
1.0,47.8,0.4,12.08,0.1,0.1,-99,0,0,1,140,12,10,12,0.7,0.1,-99,0.05,0.02,0.2,0.1,0,10,5,0,0.03
1.0,50,0.6,13,-99,-99,-99,0,-99,7,117,15,26,12.3,0.19,0.2,-99,0.05,0,-99,0.04,0.51,2.7,1,-99,0.04
1.0,34.08,0.4,8.3,0.01,0.15,0.03,0.08,0,2,120,9,13,8,0.2,0.19,-99,0.04,0.01,0.2,0.02,0,31,0,0,0.1
1.0,36,1,8,-99,-99,-99,0,0,200,242,2,29,-99,-99,-99,-99,-99,-99,-99,-99,-99,3,-99,-99,-99
1.0,20.8,1,4,0.45,0.2,-99,0,0,250,237,7,19,10,0.4,0.09,-99,0.05,0.03,0.8,0.11,0,16,33,0,0.75
1.0,47,0.3,12,-99,-99,-99,0,-99,374,214,17,34,12,0.41,0.28,-99,0.09,-99,-99,0.12,0.43,19.2,16,-99,3.62
1.0,62.26,0.38,16.1,0,0.04,-99,0,-99,3,140,11,12,10,0.33,0.11,-99,0.03,0.03,0.24,0.04,0,1.5,3,0,0.04
1.0,49,-99,12,-99,-99,-99,-99,-99,7,98,18,38,15.2,0.39,0.18,-99,0,0,-99,0.01,1,0,0,-99,0
